0.19759445783211288 5.754033670139481 2.372139175138585
0.3768057186385392 20.849794635609086 3.080536119313493
0.7939598249304164 11.48241286026219 9.06776085839784
0.4090746924925878 10.412106576896818 2.7360806010206886
0.15052696416716138 18.498988352216386 2.8968331368819094
0.12355573429557154 18.25269822681062 1.1737755396129046
0.36877092621827956 11.403832676863441 5.311722139174549
0.7702771073127301 18.888350493939612 7.835597628319221
0.4439835049597085 17.049135968314843 2.29196955919916
0.3398813136156926 22.08604619463388 5.704643304589368
