7.562354216472102 0.17124940931520616 2.9570710444958195
8.809581107026771 0.0316903406178995 1.5968384903133028
7.005394075785958 0.09920469854125415 3.148636582226956
13.736571320329329 0.016310874817190846 0.8327222822915417
5.6519468751145965 0.07620634423795762 1.3749140961731285
13.274226530040288 0.019122986608882397 1.1948417993474862
5.483543334923013 0.09457756449383514 0.8254975605816526
8.970043368914485 0.02212874291810296 1.3917093176822135
8.172638900397821 0.019157034166176035 2.2863635370283646
7.515326169271766 0.01823444606377589 1.6468964102120935
