-2.920926094055176 -4.383783340454102 8.001421928405762
-2.5007436275482178 -4.511873245239258 10.447098731994629
-1.0989385843276978 -1.9081788063049316 9.567230224609375
-0.6631938815116882 0.5494692921638489 9.744400978088379
-0.16759411990642548 2.5941176414489746 9.423578262329102
0.03232172131538391 4.5154643058776855 8.582015991210938
0.035913024097681046 5.796362400054932 7.846996307373047
0.1711854189634323 6.936002254486084 6.787561893463135
-0.03711012750864029 7.773972988128662 5.837063789367676
0.3315969407558441 8.646659851074219 3.7217864990234375
