-2.7090392112731934 -6.082469463348389 8.979453086853027
-1.8602946996688843 -4.836287498474121 8.124723434448242
-1.2749123573303223 -3.5194764137268066 9.71926212310791
-0.2585737705230713 -0.7960720658302307 9.770736694335938
0.03711012750864029 1.2617442607879639 9.306262016296387
0.2693476974964142 2.7892448902130127 9.458293914794922
0.23582886159420013 4.2760443687438965 9.081207275390625
0.4357447028160095 5.868188381195068 7.807491779327393
0.5578489899635315 7.304709434509277 6.1530985832214355
0.37229835987091064 8.641871452331543 2.647987127304077
