-2.1703438758850098 -5.904101371765137 8.497021675109863
-1.625662922859192 -5.445611953735352 8.597578048706055
-0.7649474143981934 -3.9923312664031982 8.142680168151855
-0.3818751573562622 -2.9436709880828857 10.855310440063477
0.1173158809542656 -0.3411737382411957 9.746794700622559
0.36990416049957275 1.7094600200653076 10.224438667297363
0.5003881454467773 4.179079055786133 8.699332237243652
0.4668693244457245 5.948394298553467 7.954735279083252
0.5518634915351868 7.540538311004639 5.371391296386719
0.6320692300796509 8.84058952331543 2.1966800689697266
