-2.0649988651275635 -5.761646270751953 8.153453826904297
-1.6484078168869019 -4.817133903503418 7.756016254425049
-1.2114660739898682 -4.129997730255127 9.11233139038086
-0.49320554733276367 -2.52109432220459 9.625887870788574
0.033518824726343155 -0.9217676520347595 10.109517097473145
0.23343466222286224 1.2282254695892334 10.049661636352539
0.24779987335205078 2.8850131034851074 9.35773754119873
0.4225766062736511 4.705803394317627 8.422801971435547
0.44173020124435425 6.1530985832214355 7.268796443939209
0.4800374507904053 7.45913553237915 6.576871871948242
0.9409212470054626 8.639476776123047 2.889801502227783
0.6320692300796509 8.977059364318848 -0.3531447649002075
