-1.2880805730819702 -5.04218864440918 8.69334602355957
-1.1540051698684692 -5.137956619262695 8.574832916259766
-1.0654197931289673 -5.20978307723999 8.706514358520508
-1.047463297843933 -5.285200119018555 9.258378028869629
-1.0989385843276978 -5.286397457122803 9.583989143371582
-1.0450690984725952 -5.273229122161865 9.613917350769043
-0.9660604000091553 -5.234921932220459 9.367314338684082
-0.8810662031173706 -5.185841083526611 9.354146003723145
-0.7110779285430908 -5.1810526847839355 9.23682975769043
-0.6847416758537292 -5.020640850067139 9.070432662963867
-0.7637503147125244 -4.856637954711914 9.064447402954102
-0.8367735147476196 -4.812345504760742 9.14585018157959
-0.7948749661445618 -4.692635536193848 9.23682975769043
-0.456095427274704 -4.702212333679199 8.820239067077637
-0.3579331636428833 -4.51067590713501 8.17141056060791
0.07661445438861847 -3.141192674636841 9.775525093078613
0.09576806426048279 -3.028665065765381 9.828198432922363
