-1.6124948263168335 -5.193023681640625 8.401253700256348
-1.6879122257232666 -5.328295707702637 8.429984092712402
-1.5418659448623657 -5.30076265335083 8.710105895996094
-1.3682862520217896 -5.364208698272705 8.911218643188477
-1.3682862520217896 -5.463568210601807 9.082404136657715
-1.414973258972168 -5.474342346191406 9.406818389892578
-1.4975731372833252 -5.43723201751709 9.319430351257324
-1.3982137441635132 -5.316324710845947 8.880094528198242
-1.1049240827560425 -5.08648157119751 8.617929458618164
-0.5722141861915588 -3.8103721141815186 8.62630844116211
-0.1149216815829277 -2.8167781829833984 9.724050521850586
0.14844051003456116 -1.0067617893218994 9.9371337890625
0.5099649429321289 0.3627215623855591 10.075998306274414
0.8259995579719543 1.6711528301239014 10.02452278137207
0.7386112213134766 3.4596214294433594 9.294290542602539
0.8259995579719543 3.7050271034240723 9.016563415527344
1.013944387435913 3.951629877090454 8.682572364807129
