-1.768117904663086 -5.765237808227539 7.68658447265625
-1.801636815071106 -5.845443248748779 7.578845500946045
-1.7525556087493896 -5.856217384338379 7.818265438079834
-1.578976035118103 -5.9100871086120605 8.724471092224121
-1.4664485454559326 -5.932831764221191 9.259574890136719
-1.3563152551651 -5.743690013885498 9.273940086364746
-1.216254472732544 -5.731719017028809 9.02015495300293
-1.2617442607879639 -5.924452304840088 8.81784439086914
-1.237802267074585 -5.936423301696777 8.904036521911621
-1.258152961730957 -5.735310077667236 8.719682693481445
-1.3072341680526733 -5.610811710357666 7.787140846252441
-1.2952631711959839 -5.509057998657227 7.538144111633301
-1.0342950820922852 -5.455188751220703 8.17021369934082
-0.6847416758537292 -5.3115363121032715 8.864531517028809
-0.6859387755393982 -5.08648157119751 9.251194953918457
-0.8343793153762817 -4.994304656982422 8.734047889709473
-0.8032546639442444 -4.842272758483887 8.880094528198242
