-1.844732403755188 -5.462371349334717 7.978677272796631
-1.86508309841156 -5.7125654220581055 7.6351094245910645
-1.889025092124939 -5.942408561706543 7.437587738037109
-1.964442491531372 -6.01423454284668 7.65186882019043
-1.8794482946395874 -6.015431880950928 8.274360656738281
-1.5298948287963867 -5.8622026443481445 8.762778282165527
-1.400607943534851 -5.700594425201416 8.99860668182373
-1.3922282457351685 -5.7305216789245605 8.912415504455566
-1.6412252187728882 -5.783194065093994 8.859743118286133
-1.6112977266311646 -5.920860767364502 8.662221908569336
-1.5155296325683594 -6.05852746963501 8.619126319885254
-1.4760253429412842 -5.9519853591918945 8.5101900100708
-1.41257905960083 -5.731719017028809 8.53532886505127
-1.4293384552001953 -5.670666694641113 7.947552680969238
-1.382651448249817 -5.8837504386901855 7.554903507232666
-1.4496891498565674 -5.837063789367676 7.696161270141602
-1.403002142906189 -5.583278179168701 7.94635534286499
