1.312027 2.1819153 9.094772 0:00:036
1.0231171 1.9680328 9.924759 0:00:097
0.74220276 2.1196747 9.479446 0:00:157
0.8507385 1.9584656 9.457092 0:00:217
0.6959076 2.0670013 9.259186 0:00:277
0.80604553 1.8850403 9.326218 0:00:337
0.81562805 1.6360321 8.946335 0:00:398
0.746994 1.359909 9.536896 0:00:458
0.1899414 0.8842621 10.183334 0:00:518
0.030334473 0.6240845 10.536087 0:00:579
0.030319214 0.43414307 10.521713 0:00:639
0.027130127 0.8714905 10.338165 0:00:699
-0.055862427 1.2002869 9.777924 0:00:759
0.06544495 1.5977325 9.932739 0:00:819
0.022354126 2.0079346 9.994995 0:00:879
0.25697327 2.5458374 8.786728 0:00:940
0.1612091 2.9257202 8.9830475 0:01:000
-0.09257507 3.6008759 8.88089 0:01:060
0.30326843 3.5083008 8.754791 0:01:120
0.10534668 3.9264832 9.313446 0:01:180
0.28251648 4.0429993 8.844177 0:01:241
0.59376526 4.261673 9.00061 0:01:301
0.71665955 4.48674 8.411636 0:01:361
0.55226135 4.8586273 8.617523 0:01:421
0.67037964 5.2273407 8.283936 0:01:482
0.6799469 5.551361 7.7109222 0:01:542
0.9098053 5.78598 7.457138 0:01:602
1.1763611 6.090851 7.6486664 0:01:662
1.1428375 6.3127136 7.2161255 0:01:723
1.1380463 6.552124 7.2368774 0:01:782
1.0502625 6.8362427 6.9048767 0:01:843
1.3678894 7.0134125 6.4436035 0:01:903
1.2801056 7.275177 6.028595 0:01:963
1.3854523 7.492264 5.827484 0:02:024
0.8842621 7.819458 5.2017975 0:02:083
0.6623993 8.01738 5.4922943 0:02:144
0.80604553 8.14827 4.825119 0:02:203
