0.6177063 -3.8913727 8.919205 0:00:043
0.4437256 -3.8626404 9.121902 0:00:102
0.45010376 -3.85466 9.632675 0:00:163
0.43255615 -3.8179474 10.304642 0:00:223
0.46287537 -3.173111 9.75238 0:00:283
0.6607971 -2.4612427 9.093185 0:00:344
0.702301 -2.335144 9.950302 0:00:404
0.7884979 -1.856308 9.889648 0:00:464
0.88905334 -1.2561646 9.753983 0:00:524
1.0279083 -0.67996216 9.311844 0:00:584
1.0741882 -0.0015869141 10.020523 0:00:644
0.83317566 0.7661438 9.923172 0:00:705
1.3247986 1.5035553 9.460297 0:00:765
1.0247192 2.3830261 9.123505 0:00:825
1.0805817 3.059784 8.504196 0:00:885
1.1747589 3.7748566 8.887283 0:00:945
0.9720459 4.2951965 8.3493805 0:01:006
1.3519287 4.825119 8.588791 0:01:066
1.0390778 5.39653 7.5161896 0:01:126
1.5530396 5.7891846 7.4699097 0:01:186
1.2641296 6.330261 6.7213287 0:01:247
1.1635895 6.75325 7.026184 0:01:307
1.1955109 7.1267395 5.9312286 0:01:367
1.5227051 7.500229 5.7508698 0:01:427
1.7238159 7.4427795 4.8346863 0:01:487
1.7365875 7.706131 5.436432 0:01:547
1.653595 7.613556 5.709381 0:01:608
1.404602 7.6199493 6.159485 0:01:668
1.449295 7.837021 5.208191 0:01:728
