-0.6304779 -2.287262 9.4379425 0:00:007
-0.79966736 -2.2776794 9.669388 0:00:067
-0.7821045 -2.2585297 9.42836 0:00:127
-0.6512146 -2.2744904 9.42038 0:00:187
-0.78689575 -2.2840729 9.535309 0:00:248
-0.7358246 -2.3255615 9.621506 0:00:307
-0.7980652 -2.357483 9.822617 0:00:368
-0.6927185 -2.2234192 9.888062 0:00:428
-0.7693329 -2.0430603 9.407608 0:00:489
-0.7214508 -1.7972412 9.69812 0:00:549
-0.96087646 -1.6488037 9.5784 0:00:609
-0.8108368 -1.495575 9.857727 0:00:669
-0.8267975 -1.3136139 9.723648 0:00:729
-0.9177704 -1.0582428 9.9375305 0:00:789
-0.8587189 -0.8571167 9.655014 0:00:850
-0.5746155 -0.5634308 10.255157 0:00:909
-0.61291504 -0.31285095 9.241623 0:00:970
-0.6161041 0.11972046 9.626297 0:01:030
-0.6735687 0.36231995 9.421982 0:01:091
-0.6911316 0.6192932 10.175354 0:01:151
-0.6464386 0.71984863 10.039688 0:01:211
-0.46447754 1.088562 10.2743225 0:01:271
-0.39105225 1.3822479 9.624695 0:01:331
-0.070236206 1.9345093 8.936752 0:01:391
0.31124878 2.2138367 9.230438 0:01:451
0.1484375 2.7166138 9.276733 0:01:512
0.22984314 3.0023346 9.032532 0:01:572
0.37190247 3.125229 9.493805 0:01:632
0.45170593 3.2481384 9.075623 0:01:692
0.16600037 3.6120453 9.276733 0:01:753
0.20429993 3.9057465 8.895264 0:01:813
0.106933594 4.287216 8.571243 0:01:873
0.15162659 4.580902 8.791504 0:01:933
0.054275513 4.831497 8.478668 0:01:993
-0.06544495 5.2273407 8.015793 0:02:054
0.09895325 5.481125 7.956726 0:02:114
-0.039901733 5.964752 7.9583282 0:02:174
0.16281128 6.1259613 7.407669 0:02:234
0.27293396 6.6303406 6.689392 0:02:295
0.63845825 6.711746 6.8266754 0:02:355
0.7517853 7.005432 6.6303406 0:02:415
0.26176453 7.615158 6.0126343 0:02:475
1.2130585 7.452347 6.293564 0:02:535
0.98321533 7.7875366 5.3294983 0:02:596
0.8236084 8.135498 5.1986084 0:02:656
0.69592285 8.453125 4.5665436 0:02:716
1.1013336 8.504196 4.6782684 0:02:800
1.2880859 8.719681 3.0693665 0:02:862
1.3263855 8.901642 3.6774902 0:02:902
1.3455353 8.925583 3.2321777 0:02:943
1.6184845 8.815445 3.3854065 0:02:983
1.2210388 9.155426 3.0885162 0:03:051
1.2545624 9.150635 3.3949738 0:03:071
1.7046661 8.968674 3.2704773 0:03:091
1.6807251 8.892059 2.9352875 0:03:111
1.5418701 9.03093 2.7054443 0:03:131
1.5706024 9.01178 2.6910858 0:03:151
1.6472168 8.944733 3.0214844 0:03:171
1.4317322 9.064453 3.313568 0:03:191
1.2306213 9.208099 3.5865173 0:03:211
1.2258301 9.121902 3.3375244 0:03:231
1.3742676 9.083603 2.9352875 0:03:252
1.3886414 9.112335 2.5857391 0:03:271
1.3024445 9.088394 2.7341766 0:03:291
1.2545624 9.035721 3.2752686 0:03:311
