-0.39105225 4.055771 8.83461 0:00:008
-0.23782349 3.8881836 9.082001 0:00:069
-0.40382385 3.7716675 8.882492 0:00:129
-0.39744568 3.6631317 8.098785 0:00:189
-0.57780457 3.358261 8.058884 0:00:249
-0.14683533 3.0486145 9.241623 0:00:309
-0.5506592 2.5905304 9.166595 0:00:370
-0.6177063 2.1260529 9.353348 0:00:430
-0.8794708 1.6025238 9.58638 0:00:490
-1.3104248 1.1843262 9.546478 0:00:550
-1.404602 0.79008484 9.674164 0:00:611
-1.5466461 -0.06384277 9.286316 0:00:671
-1.5338898 -0.8523407 9.627884 0:00:731
-1.8052368 -1.3726654 10.028519 0:00:791
-1.7796936 -1.9217529 9.6214905 0:00:852
-2.0893402 -2.2617188 9.465073 0:00:912
-2.173935 -2.5202942 9.444321 0:00:972
-2.4404907 -2.8267517 9.032532 0:01:032
-2.537857 -3.0262756 9.335785 0:01:092
-2.7070465 -3.0262756 8.295105 0:01:153
-2.6591644 -3.2640991 9.576813 0:01:213
-2.7293854 -3.375824 8.840988 0:01:273
-2.7852478 -3.396576 9.394852 0:01:333
-2.9863586 -3.1826935 8.785126 0:01:395
-2.721405 -3.0565948 8.823441 0:01:454
-2.7724762 -2.9720001 8.762772 0:01:514
-2.6240387 -2.9352875 8.719681 0:01:574
-2.8538818 -2.8570862 8.69574 0:01:635
