-1.2194366 7.362976 6.0365753 0:00:044
-0.8794708 7.503433 6.370178 0:00:104
-1.3790588 7.1921844 6.1930084 0:00:164
-0.7805176 7.426819 6.033386 0:00:224
-1.0087585 7.0549164 5.800354 0:00:285
-1.1364441 6.727707 5.977524 0:00:345
-1.3152161 5.93602 6.6941833 0:00:405
-0.92097473 6.033386 7.999832 0:00:465
-1.1156921 5.4268494 8.419601 0:00:526
-0.89224243 5.399719 8.433975 0:00:585
-0.90660095 4.943222 8.48027 0:00:646
-1.0151367 4.735733 8.285538 0:00:706
-1.0933533 4.494705 8.204132 0:00:766
-1.1268768 4.2967987 8.140289 0:00:826
-1.0853729 3.6136475 8.425995 0:00:886
-1.1827393 3.2704773 8.904831 0:00:947
-1.3279877 2.6799011 9.425171 0:01:006
-1.3231964 2.197876 9.546478 0:01:067
-0.9145813 1.8674774 9.643845 0:01:128
-1.450882 1.246582 9.662994 0:01:188
-1.2513733 1.0390778 9.813034 0:01:248
-1.1524048 0.83158875 9.9104 0:01:308
-0.9417267 0.5730133 10.0716095 0:01:368
-1.2322083 0.68473816 9.270355 0:01:428
-1.3247833 0.30326843 9.054871 0:01:488
-1.6376343 -0.4118042 9.442734 0:01:549
-1.3902283 -1.0582428 10.358902 0:01:609
-1.4859924 -1.2114716 10.036499 0:01:669
-1.316803 -1.4062042 9.60553 0:01:730
-1.0997314 -1.7397919 9.768341 0:01:789
-1.0837708 -1.74617 8.909622 0:01:850
-2.0414581 -2.1148834 8.063675 0:01:910
-1.4445038 -2.518692 9.176178 0:01:970
-1.7701111 -3.3470917 9.479446 0:02:030
-2.1675568 -3.987152 9.350159 0:02:091
-2.1483917 -4.079712 8.662231 0:02:151
-1.9680328 -4.033432 9.9822235 0:02:211
-1.5354767 -3.8817902 9.016556 0:02:271
-2.242569 -3.9057465 8.639877 0:02:332
-1.6950989 -3.9791565 8.874496 0:02:392
-2.1787262 -4.2521057 9.035721 0:02:452
-2.0270844 -3.82753 8.521759 0:02:512
-2.4963531 -3.98555 9.418793 0:02:572
-1.9632416 -3.5051117 7.631119 0:02:633
