-1.2689209 6.7404785 6.296753 0:00:034
-0.49002075 7.027771 7.3549805 0:00:093
-0.92097473 6.7404785 6.633545 0:00:154
-0.98960876 6.6271515 6.9415894 0:00:214
-0.5698242 6.7356873 6.8059235 0:00:274
-0.69911194 6.3574066 7.2161255 0:00:335
-0.9576721 6.0637207 7.5991974 0:00:395
-1.0007782 5.9216614 7.3741455 0:00:455
-0.86828613 5.624771 8.01738 0:00:516
-0.9688568 5.375778 8.1371 0:00:576
-1.1172943 5.0581512 8.437164 0:00:636
-1.0470581 4.9256744 8.105179 0:00:696
-0.885849 4.802765 8.298309 0:00:756
-0.9848175 4.556961 8.625519 0:00:817
-1.0103455 4.3877716 8.457916 0:00:877
-1.1109009 3.9967194 8.641464 0:00:937
-1.1524048 3.7716675 8.778748 0:00:997
-0.9273529 3.6296082 8.965485 0:01:057
-1.0087585 3.2257843 9.126694 0:01:117
-1.1268768 2.8666534 9.315033 0:01:178
-1.0997314 2.5777588 9.168198 0:01:238
-1.109314 2.2026672 9.607132 0:01:298
-0.98321533 2.1468048 9.552872 0:01:358
-1.06781 1.8515167 9.508179 0:01:419
-1.0183258 1.6807251 9.500183 0:01:479
-0.9273529 1.3535309 9.439545 0:01:539
-1.0167389 1.0151367 9.455505 0:01:599
-0.8698883 0.81243896 9.836975 0:01:660
-0.49479675 0.7437897 9.359726 0:01:720
-0.7182617 0.2394104 9.720459 0:01:780
-0.49479675 -0.17079163 9.650238 0:01:840
-0.81881714 -0.67037964 9.811432 0:01:900
-0.19152832 -0.7198639 9.76355 0:01:960
-0.7645416 -1.2832947 10.049255 0:02:021
-0.5267334 -1.4157715 9.667786 0:02:081
-0.9145813 -1.861084 9.289505 0:02:141
-0.9401245 -2.148407 9.69812 0:02:201
-1.1141052 -2.4580536 8.903244 0:02:261
-1.0167389 -2.6719208 9.619904 0:02:322
-1.3647003 -3.080536 8.994217 0:02:382
-1.0007782 -3.1699219 9.281525 0:02:442
-1.4780121 -3.7221832 9.1857605 0:02:502
-1.1715546 -3.7030334 9.22406 0:02:562
-1.5849609 -3.8786163 8.892075 0:02:623
