-4.0829163 0.5139618 9.128296 0:00:031
-3.7892303 0.33039856 9.255981 0:00:090
-3.6902618 0.46447754 9.412399 0:00:151
-3.1092682 0.46447754 9.193741 0:00:212
-2.5506287 0.6240845 9.881668 0:00:271
-2.0510254 0.3798828 9.686951 0:00:332
-0.80444336 0.5123596 9.718857 0:00:392
-0.09576416 0.58099365 9.3932495 0:00:452
0.23303223 0.6815491 9.857727 0:00:512
0.9369354 0.78689575 9.398041 0:00:573
2.1005096 0.56822205 9.300674 0:00:633
2.8028107 0.5985565 9.541687 0:00:693
4.148346 0.499588 8.777145 0:00:753
4.4564056 0.32081604 9.109131 0:00:813
4.711792 0.62887573 8.014191 0:00:874
5.3502502 0.5666199 7.7811584 0:00:934
5.533798 0.74858093 7.6646423 0:00:995
6.06691 0.63845825 7.1937714 0:01:054
6.192993 0.6352539 6.8282623 0:01:114
6.6526794 0.3671112 7.841812 0:01:174
