-0.85232544 0.5746155 9.710892 0:00:013
-0.32720947 0.031921387 10.409988 0:00:073
0.13726807 0.18515015 9.782715 0:00:133
3.2146149 -0.3830719 10.232819 0:00:194
4.440445 -0.881073 9.259171 0:00:254
4.9272766 -0.52194214 7.726883 0:00:314
5.5848694 -0.094177246 7.2416687 0:00:375
6.028595 -0.1771698 6.8091125 0:00:435
6.4723206 -0.18675232 6.686203 0:00:495
7.0852356 -0.42137146 6.700577 0:00:555
6.751648 -0.39743042 7.1985626 0:00:615
6.7915497 -0.4086151 7.0325623 0:00:675
6.9048767 -0.5698242 7.256027 0:00:736
6.5106354 -0.37348938 7.1059875 0:00:796
6.620758 -0.34317017 7.3294525 0:00:856
6.706955 -0.2505951 7.2895355 0:00:916
7.005432 -0.4740448 7.453949 0:00:977
6.440399 -0.20429993 6.847412 0:01:037
6.43721 -0.1931305 7.271988 0:01:097
6.320694 -0.10374451 6.789963 0:01:157
6.644699 -0.26974487 7.50502 0:01:218
6.499466 -0.20748901 7.0197906 0:01:278
6.5569305 -0.26974487 7.256027 0:01:338
