0.29049683 0.17237854 9.417191 0:00:046
-0.08938599 0.45489502 9.943909 0:00:107
-0.13407898 0.49160767 9.222458 0:00:167
0.18196106 0.45170593 9.611923 0:00:228
0.5251312 0.2633667 10.044479 0:00:288
0.6735687 0.499588 10.1147 0:00:348
1.2529602 0.36871338 10.100342 0:00:408
1.6136932 0.5985565 9.270355 0:00:468
2.2138367 0.60972595 9.050079 0:00:528
2.8858185 0.62887573 8.943146 0:00:589
3.3646545 0.62568665 9.399628 0:00:648
3.878601 0.59376526 9.080414 0:00:709
4.4356537 0.5698242 8.777145 0:00:809
5.1267853 0.68315125 8.585602 0:00:870
5.4476013 0.544281 7.6917725 0:00:930
6.159485 0.62249756 7.1506805 0:00:990
6.5888367 0.6033325 6.9415894 0:01:050
6.8968964 0.6895294 6.6734467 0:01:110
7.4619293 0.47406006 6.4276276 0:01:171
7.883316 0.28570557 5.714157 0:01:230
7.8290405 0.3543396 5.6311646 0:01:291
7.6007843 0.43893433 5.71257 0:01:351
