0.6192932 0.43574524 10.028519 0:00:020
-0.08459473 0.24261475 9.303864 0:00:080
-0.5873718 0.336792 10.266342 0:00:139
-1.0630188 0.32720947 9.439545 0:00:200
-1.1508179 0.3798828 9.993393 0:00:260
-1.8052216 0.34635925 9.350159 0:00:320
-2.156372 0.34796143 9.380493 0:00:381
-2.8459015 0.33518982 9.227249 0:00:441
-3.035843 0.26176453 8.939957 0:00:502
-4.3670197 0.5458832 8.636688 0:00:562
-4.8139496 0.4373474 8.6015625 0:00:621
-5.5417786 0.54907227 8.282349 0:00:682
-5.2975616 0.21707153 8.303085 0:00:742
-6.27919 0.62727356 7.857773 0:00:802
-6.3159027 0.4533081 7.6965637 0:00:862
-6.4866943 0.4612732 7.113968 0:00:923
-6.553726 0.2761383 6.8538055 0:00:983
-6.8841248 0.06544495 6.1100006 0:01:043
-8.046112 0.48841858 5.594452 0:01:103
-7.7220917 0.051071167 5.7460785 0:01:164
-8.081238 0.0574646 4.9927063 0:01:223
-8.590393 0.036712646 4.962387 0:01:284
-8.335022 -0.06863403 4.938431 0:01:344
-8.732452 -0.15481567 4.4516144 0:01:404
-8.604767 -0.1484375 5.23851 0:01:464
