-0.86351013 0.3128357 10.192917 0:00:017
-0.87309265 0.33998108 9.42836 0:00:078
-1.3407593 0.08140564 10.25676 0:00:138
-1.2561646 0.23942566 9.859329 0:00:198
-1.6504059 0.2059021 9.907211 0:00:258
-1.7621307 0.4373474 9.801865 0:00:319
-2.3463135 0.4118042 9.477844 0:00:379
-2.6815033 0.53790283 9.442734 0:00:439
-3.168335 0.53471375 9.3741 0:00:499
-3.7461243 0.5011902 9.099564 0:00:560
-4.2058105 0.6959076 8.836197 0:00:620
-4.6367645 0.79008484 8.700531 0:00:680
-5.348648 0.82839966 7.5592957 0:00:740
-6.073288 0.9656677 6.888916 0:00:801
-6.4276276 1.064621 6.9447784 0:00:860
-6.8106995 1.1683655 6.61438 0:00:921
-7.386917 0.8698883 6.1467133 0:00:981
-7.9168243 0.66719055 5.370987 0:01:041
-8.197754 0.6448364 5.3087463 0:01:101
-8.461105 0.4692688 4.8139496 0:01:161
-8.475479 0.31124878 4.742111 0:01:222
-8.86174 0.030334473 3.8626404 0:01:282
-8.513779 0.24421692 3.8802032 0:01:342
-8.995819 0.34954834 4.0493927 0:01:402
-8.713303 0.34635925 3.9121246 0:01:462
