-1.7844696 0.6464386 9.426773 0:00:025
-1.7605286 0.7884979 9.688538 0:00:086
-2.1372223 0.37190247 10.338165 0:00:146
-2.1659546 0.7214508 9.466675 0:00:206
-2.8395233 0.7118683 9.1458435 0:00:266
-3.444458 0.52352905 9.38208 0:00:326
-4.1627197 0.50756836 8.962296 0:00:386
-4.510666 0.43414307 8.644669 0:00:447
-5.1060333 0.48841858 8.189758 0:00:507
-5.505066 0.3671112 7.9184265 0:00:567
-5.896118 0.49002075 7.7125244 0:00:627
-6.481903 0.35913086 7.2145233 0:00:688
-6.7388763 0.39105225 7.137909 0:00:748
-6.7612305 0.61131287 6.5345764 0:00:808
-7.728485 0.3511505 6.210556 0:00:869
-7.4124603 0.59536743 6.0190277 0:00:928
-8.087616 0.5985565 5.6471252 0:00:989
-7.8082886 0.8395691 4.9687653 0:01:049
-8.0525055 0.7406006 5.0693207 0:01:109
-8.386093 0.64004517 4.3175507 0:01:170
