0.7358246 1.1428375 9.655014 0:00:045
0.6368561 1.1284637 9.800262 0:00:105
0.4852295 0.9848175 9.747589 0:00:165
0.20909119 0.74858093 9.621506 0:00:225
-0.33518982 0.5905762 10.212067 0:00:286
-0.8251953 0.3048706 10.191315 0:00:346
-1.2050781 0.56822205 9.904007 0:00:406
-1.9424896 0.32720947 9.533707 0:00:466
-2.491562 0.6735687 9.018158 0:00:526
-3.0214844 0.45011902 9.321426 0:00:587
-3.2720795 0.60014343 9.18895 0:00:647
-3.8626404 0.4820404 8.991028 0:00:707
-4.2217712 0.6161041 8.488251 0:00:767
-4.828308 0.42616272 8.515381 0:00:827
-5.7269287 -0.060653687 7.9631195 0:00:887
-6.114792 0.17556763 6.9463806 0:00:948
-6.888916 -0.18833923 6.887314 0:01:008
-6.5856476 -0.0287323 7.27359 0:01:068
-7.0405426 0.03352356 5.851425 0:01:128
