-2.177124 0.5410919 9.584793 0:00:040
-1.7318115 0.79966736 10.002975 0:00:100
-2.194687 0.6208954 9.773132 0:00:161
-2.4085693 0.75816345 9.718857 0:00:220
-2.9831696 0.68315125 9.425171 0:00:281
-3.513092 0.702301 9.1905365 0:00:341
-4.0174713 0.77571106 8.833008 0:00:401
-4.5441895 0.83477783 8.651047 0:00:462
-4.7963867 0.8587189 8.060486 0:00:522
-5.3805695 0.6193085 7.97908 0:00:582
-5.6966095 0.68634033 7.8226624 0:00:642
-6.098831 0.62249756 7.1762238 0:00:702
-6.703766 0.58418274 6.912857 0:00:763
-6.9208374 0.5905762 6.684616 0:00:823
-7.321472 0.5618439 6.4483795 0:00:883
-7.6071777 0.3240204 6.395706 0:00:943
-7.9918365 0.22346497 5.2161713 0:01:003
-7.8545837 0.14685059 5.867386 0:01:064
-8.449936 -0.07342529 5.28479 0:01:124
-8.317459 0.10055542 5.098053 0:01:184
-8.449936 0.15003967 5.099655 0:01:244
-8.461105 0.041503906 4.708603 0:01:304
-8.850571 0.007980347 3.6727142 0:01:365
-8.968674 0.049484253 3.7588959 0:01:425
-8.850571 0.3096466 3.5306396 0:01:485
-8.939941 0.26974487 3.8802032 0:01:546
-9.088394 0.13887024 3.8802032 0:01:605
-8.80748 0.38467407 3.6455688 0:01:666
-8.930374 0.28570557 3.69664 0:01:726
-8.896851 0.22984314 3.786026 0:01:786
-8.994217 0.18515015 3.7237854 0:01:845
