-2.130844 -4.3829803 8.516968 0:00:058
-2.148407 -4.580902 8.100388 0:00:118
-2.2537384 -4.850647 8.569641 0:00:178
-2.0111237 -4.643158 8.786713 0:00:239
-1.9393005 -4.6383667 8.868118 0:00:299
-1.677536 -4.378189 9.035721 0:00:359
-1.9425049 -4.2936096 8.555283 0:00:419
-1.5945435 -3.8131561 8.72287 0:00:479
-1.6232758 -3.6743011 8.628708 0:00:539
-1.7525635 -3.6359863 8.845779 0:00:600
-1.6057129 -3.3199615 9.149048 0:00:660
-1.6232605 -3.1571503 9.501785 0:00:720
-1.5099487 -2.9528503 9.576813 0:00:780
-1.5721893 -2.7261963 9.3932495 0:00:840
-1.4413147 -2.314392 9.260773 0:00:901
-1.4205627 -2.0909424 9.447525 0:00:961
-1.4732361 -1.8164062 9.402832 0:01:021
-1.4476929 -1.4476929 9.40921 0:01:081
-1.5147247 -1.1619873 9.493805 0:01:142
-1.1029358 -0.62727356 9.246414 0:01:202
-1.3838501 -0.5378876 9.655014 0:01:262
-1.2146606 -0.28889465 9.947113 0:01:323
-1.2769012 0.046295166 9.800262 0:01:383
-0.9433136 0.56503296 9.838577 0:01:443
-1.043869 0.81243896 9.800262 0:01:503
-0.8986206 1.1683655 9.674164 0:01:563
-0.89064026 1.4157715 9.4379425 0:01:623
-0.930542 1.7238312 9.20491 0:01:684
-0.9944 2.0031433 9.016556 0:01:744
-0.8683014 2.2330017 9.121902 0:01:804
-0.9449158 2.4356995 9.402832 0:01:864
-0.81721497 2.831543 9.603943 0:01:925
-0.7150574 3.0901184 9.607132 0:01:985
-0.64164734 3.3917847 9.473053 0:02:045
-0.64164734 3.671112 9.21608 0:02:105
-0.5538635 3.9536285 9.010178 0:02:165
-0.7246399 4.129196 8.593597 0:02:225
-0.33358765 4.576126 8.354172 0:02:285
-0.4724579 4.8378906 8.197754 0:02:346
-0.31922913 5.2704315 7.683792 0:02:406
-0.2505951 5.5577393 7.503433 0:02:467
-0.2649536 5.821106 7.902466 0:02:527
-0.19631958 5.9456024 7.616745 0:02:587
-0.34954834 6.0429688 7.591217 0:02:647
-0.09895325 6.2616425 8.084427 0:02:707
-0.13407898 6.619171 7.1746216 0:02:767
-0.3000641 6.8027344 7.112381 0:02:828
-0.2952881 7.0405426 6.615982 0:02:888
-0.3958435 7.232086 6.070099 0:02:948
-0.24580383 7.3980865 6.3574066 0:03:008
-0.22027588 7.7109222 5.5816803 0:03:068
-0.28889465 7.731674 5.4108887 0:03:128
-0.36231995 7.974289 5.5928497 0:03:188
-0.5043793 7.923218 5.683838 0:03:249
-0.36392212 8.208923 5.664688 0:03:318
-0.41818237 8.342987 5.0868835 0:03:369
-0.5187378 8.384491 4.778824 0:03:430
-0.30326843 8.66861 3.967987 0:03:490
-0.5011902 8.598373 4.0493927 0:03:550
-0.5698242 8.611145 3.8035889 0:03:610
-0.2186737 8.840988 3.7221832 0:03:669
