-0.35273743 -0.4852295 9.738022 0:00:025
-0.19950867 -0.7390137 10.711655 0:00:085
-0.2936859 -0.4149933 9.655014 0:00:145
0.08778381 -0.34954834 9.699707 0:00:206
0.035110474 -0.3048706 10.138641 0:00:266
-0.62568665 -0.3080597 11.520905 0:00:326
-0.049484253 0.16600037 11.321381 0:00:386
-0.52033997 0.3671112 10.604721 0:00:446
-0.49002075 0.84436035 10.523315 0:00:507
-0.18515015 1.1045227 9.067642 0:00:567
-0.6528168 2.0047455 9.161819 0:00:627
-0.47883606 2.4293213 9.1857605 0:00:687
-0.24261475 2.6894836 9.034119 0:00:748
-0.36871338 3.4492493 9.399628 0:00:808
0.0 3.6008759 8.124329 0:00:868
-0.21388245 4.2648773 9.5401 0:00:928
0.23942566 4.507477 8.068451 0:00:989
-0.69911194 5.3582306 8.793106 0:01:049
-0.08140564 5.664688 8.173813 0:01:109
0.32081604 5.9487915 7.658249 0:01:169
0.37669373 6.374954 7.568878 0:01:229
0.094177246 6.7803802 7.5321503 0:01:289
0.48841858 7.066086 5.8067474 0:01:349
1.3008423 7.3262634 5.3215027 0:01:410
1.4987793 7.6646423 3.9312744 0:01:470
1.3168182 8.087616 2.8937988 0:01:530
1.2146606 8.493027 3.648758 0:01:590
1.6168823 8.547302 2.5107117 0:01:651
1.7685242 8.799484 2.314392 0:01:711
2.58255 8.789917 1.6408234 0:01:771
2.2266083 8.864929 1.4684448 0:01:831
