0.31443787 0.035110474 10.117905 0:00:025
-0.4437256 -0.499588 9.55925 0:00:085
-0.4900055 -0.2346344 10.041275 0:00:145
0.27293396 -0.31604004 9.391647 0:00:205
0.09257507 -0.33518982 10.009354 0:00:266
0.059051514 -0.4437256 10.175354 0:00:326
0.10374451 -0.19950867 10.207275 0:00:386
0.27293396 0.0143585205 10.378067 0:00:446
0.6592102 0.4533081 10.585556 0:00:506
0.38146973 0.9688568 10.483414 0:00:567
0.44691467 1.5259094 10.58876 0:00:627
0.68634033 1.9983673 10.103531 0:00:687
0.43574524 2.8059998 8.986237 0:00:748
-0.012771606 3.5242615 8.244034 0:00:807
0.4277649 4.264862 8.32225 0:00:868
0.4708557 4.4771576 8.528152 0:00:928
0.8012543 5.4476013 8.424393 0:00:988
0.77731323 6.0381775 7.0644836 0:01:049
0.73262024 6.703766 6.6447144 0:01:109
0.21548462 7.2624054 5.535385 0:01:169
-0.43414307 7.4236298 5.438034 0:01:229
-0.7039032 7.774765 5.8354645 0:01:289
-0.98002625 8.009399 5.4523926 0:01:350
-0.881073 8.410034 3.6535492 0:01:410
-0.96406555 8.224884 3.8913727 0:01:470
-1.3726807 8.496216 3.715805 0:01:529
