0.77093506 0.2889099 9.763565 0:00:022
0.8267975 0.18354797 9.54808 0:00:082
0.5762024 0.17077637 9.980621 0:00:143
0.7501831 0.15481567 9.825806 0:00:203
1.5594177 0.027130127 9.991806 0:00:263
1.493988 0.19792175 9.394852 0:00:324
2.014328 -0.0574646 9.39006 0:00:384
2.6623535 -0.13887024 9.787491 0:00:444
3.327942 -0.31124878 9.544891 0:00:504
3.6120453 -0.28251648 9.026138 0:00:564
3.7301636 -0.09576416 9.153824 0:00:625
4.0637665 -0.0861969 9.107544 0:00:685
4.4723663 0.06384277 8.75 0:00:745
4.7469025 0.118118286 8.477066 0:00:805
5.168289 0.24261475 8.177002 0:00:865
5.752472 0.34317017 7.833832 0:00:925
5.9072876 0.17237854 7.7348633 0:00:986
6.253662 0.247406 7.8529816 0:01:046
6.3318634 0.33200073 7.3725433 0:01:106
6.325485 0.56822205 6.8250732 0:01:166
6.8809357 0.39265442 6.98468 0:01:227
7.5098114 0.23144531 6.2680206 0:01:287
7.589615 0.247406 6.3127136 0:01:346
7.592819 0.45489502 5.685425 0:01:407
7.698166 0.53948975 5.648712 0:01:467
7.934387 0.5586395 6.09404 0:01:528
7.980667 0.68315125 5.3582153 0:01:588
8.19136 0.6448364 5.259262 0:01:648
8.208923 0.6815491 5.1299744 0:01:708
8.0525055 0.9002228 4.9512024 0:01:768
8.213715 0.9161835 4.831497 0:01:828
8.336609 0.7517853 5.091675 0:01:889
