-0.9465027 0.34796143 9.749191 0:00:018
-1.4381256 -0.29049683 9.805054 0:00:079
-1.246582 0.4373474 10.261551 0:00:139
-1.8850403 0.1484375 9.73642 0:00:199
-2.4819946 0.051071167 9.434753 0:00:259
-2.9368896 0.036712646 9.530518 0:00:319
-4.0462036 -0.4245758 8.754791 0:00:380
-4.3622437 -0.41659546 8.3940735 0:00:440
-4.734131 -0.19952393 8.055695 0:00:501
-5.4699554 -0.39105225 7.7205048 0:00:561
-5.875366 -0.544281 8.19136 0:00:621
-6.303131 -0.48841858 7.3342285 0:00:681
-6.9431915 -0.5410919 6.639923 0:00:741
-7.1714325 -0.6560211 6.6063995 0:00:802
-7.746048 -1.0007782 5.940811 0:00:862
-7.5130005 -0.81562805 5.7253265 0:00:922
-7.452347 -0.86351013 5.750885 0:00:982
-8.288727 -1.3152161 5.683838 0:01:042
-8.2153015 -0.96087646 5.7955627 0:01:102
-7.7667847 -0.74220276 4.9767456 0:01:163
-8.628708 -1.0486603 3.8626556 0:01:223
-8.3797 -1.064621 5.3821716 0:01:283
-8.584015 -1.0358887 5.010269 0:01:343
-8.628708 -1.019928 4.983139 0:01:403
-8.189758 -0.881073 4.984726 0:01:464
-8.1019745 -0.8507385 5.420471 0:01:523
-8.113144 -0.6767578 5.436432 0:01:584
-7.752426 -0.43414307 5.3837585 0:01:644
-7.934387 -0.4293518 5.010269 0:01:704
-7.8306427 -0.81243896 6.0573273 0:01:765
