-1.9409027 0.11172485 9.487427 0:00:049
-1.948883 0.22984314 10.042877 0:00:108
-2.0318756 0.11651611 9.961472 0:00:169
-2.4787903 0.25538635 9.662994 0:00:229
-2.603302 0.31922913 9.492203 0:00:290
-2.989563 0.34635925 9.417191 0:00:350
-3.3391113 0.56822205 8.705322 0:00:410
-3.69664 0.5698242 8.674988 0:00:470
-4.489929 0.252182 8.3046875 0:00:530
-4.7852173 0.036712646 9.295883 0:00:590
-5.3694 0.1197052 8.433975 0:00:651
-5.8737793 0.09098816 7.8290405 0:00:712
-6.48349 0.08459473 7.022995 0:00:771
-6.839432 0.1899414 6.3765564 0:00:832
-6.9942627 0.25857544 6.679825 0:00:892
-7.3565826 0.42297363 6.1467133 0:00:952
-7.492264 0.46766663 5.8849487 0:01:012
-8.078033 0.43893433 5.254471 0:01:072
-8.57283 0.36071777 4.0877075 0:01:132
-9.268753 -0.04309082 3.9264984 0:01:193
-8.745224 0.07501221 4.277649 0:01:253
-9.144257 0.10215759 4.2042236 0:01:313
-8.901642 0.2936859 3.712616 0:01:373
-9.457092 0.40382385 2.515503 0:01:433
-8.475479 0.37669373 4.9496155 0:01:493
