0.9358660399293668 7.588611625621574 0.2298986790914057
0.19059072737079696 16.098541530309106 1.5310358079025974
0.11310739732965847 5.111524074560851 0.1231983906138936
0.0575400954232711 4.228777527583397 0.2064732773047382
0.35725110717441155 9.020634843051118 0.28367484209917393
0.15132141424756362 7.7115998649509585 0.250473311556604
0.04927248213299995 6.101158943375699 0.19682046849358414
0.20145840527822778 13.19781838948235 0.5633701246632228
0.06756093373205918 11.713313785083212 0.9472261188884801
0.20309012420055006 8.406670641267219 0.2613760705698098
