8.863858368363456 0.046129189188006084 3.4217746175462054
8.516066602518944 0.08639469974486974 5.2166183985968075
6.063050991107996 0.029092681337005932 2.4975666882815375
5.182803746672011 0.022318921931092472 3.074940607985944
7.0068588995442695 0.13809426157694973 1.4997319583459756
6.276103646946893 0.18935060249875374 3.408240138898691
6.021714549813083 0.07731858041905143 5.001669988029597
6.777885189439196 0.02709928071584465 5.302512917923842
6.034873546422933 2.6274500806605685 2.2510334849108347
9.39730686306427 0.04288428395070942 7.7363752381909165
