-6.080075263977051 -0.8379706144332886 7.297526836395264
-2.036268472671509 -1.7070658206939697 9.847352027893066
0.07661445438861847 -2.099714994430542 10.280701637268066
1.8351556062698364 -1.2461819648742676 9.75278091430664
3.0322563648223877 -0.6248866319656372 9.429563522338867
4.508281707763672 -0.14245499670505524 8.78312873840332
5.770026206970215 0.3471592366695404 7.864952564239502
7.327454090118408 0.8954314589500427 7.024587631225586
8.110358238220215 1.4257471561431885 5.609614372253418
8.3521728515625 1.6651673316955566 3.8941690921783447
