-6.428431510925293 -1.2222399711608887 6.677428722381592
-4.10246467590332 -1.7202339172363281 9.165003776550293
-1.6879122257232666 -1.236605167388916 9.816226959228516
0.152031809091568 -0.7781155705451965 10.189722061157227
1.4844050407409668 -0.6129156351089478 10.374075889587402
3.1052796840667725 -0.10055647045373917 8.974664688110352
4.830301761627197 0.6356605291366577 9.040505409240723
6.217741966247559 1.0462661981582642 7.280767440795898
8.198944091796875 1.7202339172363281 6.596025466918945
8.791508674621582 2.0614075660705566 2.800018787384033
