-4.654327869415283 -1.0019733905792236 8.434772491455078
-2.0590133666992188 -2.2697031497955322 9.264363288879395
-1.900996208190918 -2.142810583114624 9.222464561462402
-1.7334020137786865 -2.096123695373535 9.543288230895996
-1.4305355548858643 -2.050633668899536 9.9000244140625
-1.2210428714752197 -2.142810583114624 10.087968826293945
-0.8798691034317017 -2.3247697353363037 10.183736801147461
-0.5805938839912415 -2.340332269668579 10.085575103759766
-0.2944868206977844 -2.2373814582824707 9.86650562286377
-0.14365209639072418 -2.096123695373535 9.605537414550781
0.0011971008498221636 -2.0207061767578125 9.653421401977539
0.43335050344467163 -1.9919757843017578 9.945513725280762
0.8918401598930359 -2.0446481704711914 10.005369186401367
1.1300631761550903 -2.05781626701355 10.014945983886719
1.37906014919281 -2.0207061767578125 9.90122127532959
1.6160861253738403 -2.0386626720428467 9.783905029296875
1.886630892753601 -2.0374655723571777 9.621099472045898
