-6.265625953674316 -1.1803414821624756 6.30752420425415
-4.369418144226074 -1.6376339197158813 8.47906494140625
-1.2497732639312744 -1.656787633895874 9.655815124511719
2.1487960815429688 -1.7106571197509766 10.107122421264648
4.513070106506348 -0.9576807022094727 8.912415504455566
6.7923502922058105 -0.7817068696022034 6.8809356689453125
8.10437297821045 -0.7745242714881897 5.993884086608887
8.9866361618042 -0.6572083830833435 4.702212333679199
9.433155059814453 -0.8020575642585754 3.1699230670928955
9.38048267364502 -0.9169792532920837 2.7664999961853027
9.680954933166504 -0.9421183466911316 2.100912094116211
