-6.311115741729736 -0.25258827209472656 5.791574001312256
-4.784811973571777 -0.1711854189634323 9.123106002807617
-0.7362170219421387 -0.13048399984836578 10.292673110961914
2.4636335372924805 0.16519992053508759 9.645041465759277
4.751293182373047 0.40462008118629456 8.860940933227539
6.757634162902832 0.363918662071228 7.220912456512451
7.849390506744385 0.39624038338661194 6.13633918762207
8.774748802185059 0.34356793761253357 5.006275653839111
8.932766914367676 0.3579331636428833 4.332307815551758
9.465476036071777 0.365115761756897 3.2094273567199707
9.388861656188965 0.42377370595932007 3.3710360527038574
9.161413192749023 0.3926490843296051 4.214992046356201
