0.5159504413604736 1.2557587623596191 9.8784761428833
1.9261353015899658 0.6057330369949341 9.81024169921875
3.1232361793518066 0.6943184733390808 9.08719253540039
4.707000732421875 0.5410895943641663 8.641871452331543
6.022614479064941 0.5446808934211731 7.9858598709106445
7.303512096405029 0.7266402244567871 6.775590896606445
8.1139497756958 0.7733271718025208 5.808333396911621
9.095572471618652 0.8164227604866028 4.199429988861084
9.564835548400879 0.9971849918365479 1.7537527084350586
9.745597839355469 1.0295066833496094 1.84233820438385
