1.456871747970581 -0.24660277366638184 10.254365921020508
2.871845006942749 -0.22625206410884857 9.864110946655273
4.5609540939331055 0.20709845423698425 8.842984199523926
6.18302583694458 0.4704606235027313 7.370550155639648
7.062894821166992 0.750582218170166 6.8127007484436035
8.10437297821045 0.33518823981285095 5.544970989227295
8.649053573608398 0.24779987335205078 5.224148273468018
9.230844497680664 0.3555389642715454 3.8941690921783447
9.498994827270508 0.2106897532939911 2.850297212600708
9.647436141967773 -0.2693476974964142 1.1276689767837524
9.674968719482422 -0.7469909191131592 -0.7948749661445618
