0.5398924946784973 -0.8307880163192749 9.677363395690918
0.7242460250854492 -1.0558429956436157 10.697293281555176
1.824381709098816 -0.7924807667732239 9.519346237182617
3.8977603912353516 -0.2932897210121155 9.50498104095459
5.906495571136475 -0.1412578970193863 7.927201747894287
6.7923502922058105 -0.21188685297966003 6.9276227951049805
7.8098859786987305 -0.2346317619085312 6.430825710296631
8.620323181152344 -0.026336219161748886 4.818330764770508
10.181343078613281 0.5099649429321289 4.442441463470459
8.530540466308594 0.7565677165985107 1.1264718770980835
9.775525093078613 0.42377370595932007 0.25977087020874023
