1.4449007511138916 -1.2892776727676392 10.110713958740234
3.3901896476745605 -0.5793967843055725 9.058462142944336
5.2265424728393555 -0.44532153010368347 8.501810073852539
6.806715488433838 -0.22744916379451752 7.116764545440674
8.23006820678711 0.13527239859104156 5.4444146156311035
9.17697525024414 0.13168109953403473 3.8750154972076416
9.058462142944336 0.2992752194404602 3.1004912853240967
9.761159896850586 0.15442600846290588 2.0147206783294678
10.067618370056152 0.10295066982507706 -1.5047557353973389
9.159018516540527 -0.3232172429561615 -2.8347349166870117
