1.456871747970581 -2.094926595687866 9.536105155944824
0.8690952062606812 -2.2900538444519043 10.188525199890137
2.537853717803955 -1.902193307876587 9.509769439697266
3.8606503009796143 -1.624465823173523 8.834604263305664
5.287594318389893 -1.2042834758758545 8.505401611328125
6.335057735443115 -0.7362170219421387 7.5668745040893555
7.201758861541748 -0.18555063009262085 6.944382190704346
8.178592681884766 -0.009576806798577309 5.5760955810546875
8.858546257019043 0.019153613597154617 4.54299783706665
9.522936820983887 0.16998831927776337 2.8886044025421143
9.591172218322754 0.002394201699644327 0.44532153010368347
