2.0602104663848877 -0.4225766062736511 9.955090522766113
1.701080322265625 -1.039083480834961 10.280701637268066
4.07014274597168 -0.7254431247711182 9.430760383605957
5.671864032745361 -0.3531447649002075 7.890091896057129
6.845022678375244 0.22026655077934265 7.266402244567871
7.513004779815674 0.46806642413139343 6.387730121612549
7.926004886627197 0.5746083855628967 5.726930618286133
8.71609115600586 0.8487445116043091 4.703409194946289
9.036913871765137 0.7852981686592102 3.3877954483032227
9.757569313049316 0.7733271718025208 0.5135562419891357
