0.4752490520477295 -1.4903905391693115 10.339360237121582
3.823540210723877 -0.7565677165985107 9.524134635925293
4.98472785949707 -0.6931213736534119 8.242039680480957
6.355408191680908 -0.05027823522686958 7.751227855682373
7.243657112121582 0.16519992053508759 6.424840450286865
8.258798599243164 0.34596213698387146 5.349843502044678
8.768763542175293 0.5303156971931458 4.517858505249023
9.411606788635254 0.767341673374176 2.6420016288757324
10.054450035095215 0.6560112833976746 1.5382746458053589
9.464279174804688 0.3926490843296051 0.8810662031173706
