-0.12210428714752197 -1.3874398469924927 10.955866813659668
1.8638859987258911 -0.6667851805686951 10.17416000366211
4.855441093444824 -0.09935937076807022 8.841787338256836
5.980715751647949 0.47644615173339844 7.444770336151123
7.229291915893555 0.7948749661445618 6.795941352844238
8.012195587158203 0.7960720658302307 5.410895824432373
8.826224327087402 0.9624691009521484 4.610035419464111
9.227252960205078 0.707486629486084 3.5182793140411377
9.66299819946289 0.4189853072166443 1.9991583824157715
9.576807022094727 0.36750996112823486 -0.3148375153541565
