1.678335428237915 -0.42616790533065796 9.75637149810791
4.428076267242432 0.5111620426177979 8.684967041015625
5.664681434631348 0.6392518281936646 8.075642585754395
6.80551815032959 0.9289502501487732 6.876147270202637
7.708132266998291 0.9361328482627869 6.069301128387451
8.489839553833008 1.1109095811843872 4.90571928024292
9.307458877563477 1.0773907899856567 3.138798475265503
9.804255485534668 0.93254154920578 1.4508862495422363
9.715670585632324 0.93254154920578 0.2777273952960968
9.862914085388184 0.973242998123169 0.08259996026754379
9.861717224121094 0.9217676520347595 -0.5494692921638489
9.804255485534668 0.8176198601722717 -0.7529764175415039
9.6989107131958 0.7122750282287598 -0.646434485912323
9.622296333312988 0.6871358752250671 -0.7050924301147461
9.3828763961792 0.7637503147125244 -1.2892776727676392
9.534908294677734 0.6931213736534119 -1.3108254671096802
9.798270225524902 0.767341673374176 -1.194706678390503
