1.4915876388549805 -0.0694318488240242 10.38604736328125
1.215057373046875 0.07541735470294952 9.922768592834473
0.5817909836769104 -0.09576806426048279 9.35654067993164
0.19273324310779572 -0.20350714027881622 9.163806915283203
-0.08140286058187485 -0.25258827209472656 9.740809440612793
0.020350715145468712 -0.16400282084941864 10.9091796875
0.35913026332855225 -0.0011971008498221636 11.66694450378418
0.7541735172271729 -0.08978256583213806 11.62983512878418
1.1085153818130493 -0.181959331035614 11.012130737304688
1.161187767982483 -0.14484919607639313 10.882843971252441
1.213860273361206 -0.15562310814857483 10.771512985229492
1.647210717201233 -0.040701430290937424 10.472238540649414
2.2242133617401123 0.06344634294509888 9.730035781860352
2.4624364376068115 0.05985504388809204 9.437943458557129
2.694674015045166 0.05147533491253853 9.281123161315918
2.8335378170013428 0.11851298063993454 9.26675796508789
3.2405519485473633 0.14245499670505524 9.578003883361816
