-4.856637954711914 -0.5051765441894531 9.384073257446289
-2.1475989818573 0.05506663769483566 9.439140319824219
0.7936778664588928 0.011971008032560349 9.982624053955078
3.2968156337738037 0.5315127968788147 9.181763648986816
4.959589004516602 0.6560112833976746 8.869319915771484
6.57806921005249 0.6584054827690125 7.0317702293396
8.469488143920898 0.6572083830833435 4.941632270812988
9.119514465332031 0.5961562395095825 3.667917013168335
9.619902610778809 0.5889736413955688 2.0171148777008057
9.616311073303223 0.30885201692581177 1.866280198097229
