-7.15507173538208 -0.22266076505184174 7.33703088760376
-1.655590534210205 0.02992752194404602 10.578780174255371
1.403002142906189 0.47644615173339844 9.817423820495605
4.025850296020508 0.46567222476005554 8.955511093139648
6.0190229415893555 0.5422866940498352 7.971494674682617
7.022193431854248 0.5363011956214905 7.189787864685059
8.122329711914062 0.6141127347946167 5.641936302185059
8.485051155090332 0.569819986820221 4.289212226867676
9.429563522338867 0.44771572947502136 3.56017804145813
9.740809440612793 0.10534487664699554 1.866280198097229
