-6.5732808113098145 0.43335050344467163 6.766014099121094
-4.64594841003418 0.3627215623855591 8.675390243530273
-1.5143325328826904 0.569819986820221 9.895236015319824
1.0211269855499268 0.17477671802043915 9.828198432922363
3.5182793140411377 0.6057330369949341 9.653421401977539
5.628767967224121 0.6859387755393982 8.097189903259277
7.406463146209717 0.7817068696022034 6.884527206420898
8.182184219360352 0.8331822156906128 5.398924827575684
9.227252960205078 0.849941611289978 3.531447410583496
9.615114212036133 0.7457938194274902 1.9285295009613037
