-7.734468460083008 -0.1975216418504715 6.8593878746032715
-6.572083473205566 0.017956512048840523 8.516175270080566
-0.5398924946784973 1.2689268589019775 8.916007041931152
3.025073766708374 0.44173020124435425 9.410409927368164
4.435258865356445 0.8978256583213806 8.944737434387207
5.600037574768066 0.6631938815116882 7.9451584815979
6.957550048828125 0.568622887134552 7.0557122230529785
8.101978302001953 0.5889736413955688 5.641936302185059
8.641871452331543 0.49559974670410156 4.89494514465332
9.218873977661133 0.45250412821769714 4.107253074645996
9.532513618469238 0.19871874153614044 1.8375498056411743
9.467870712280273 -0.22385786473751068 -0.04668693244457245
