-4.594472885131836 -0.03232172131538391 7.68658447265625
-2.541445016860962 -0.05386953800916672 10.38844108581543
0.7457938194274902 0.4010287821292877 10.210073471069336
3.488351821899414 0.456095427274704 9.464279174804688
5.758055210113525 0.7481880187988281 8.249221801757812
6.813898086547852 0.8990227580070496 7.07606315612793
8.08402156829834 0.9648633003234863 5.595249176025391
8.898050308227539 0.9421183466911316 4.041412353515625
9.520543098449707 1.0007762908935547 2.7246015071868896
9.971850395202637 1.0570400953292847 0.41539400815963745
