-0.6799532771110535 -1.1432312726974487 11.57596492767334
0.5626373887062073 -1.137245774269104 10.791864395141602
3.4105403423309326 -0.6787561774253845 8.81664752960205
5.434837818145752 -0.6943184733390808 8.214506149291992
7.432799339294434 -0.18315643072128296 6.206967830657959
8.823830604553223 0.34835633635520935 4.702212333679199
9.375694274902344 0.3818751573562622 3.355473756790161
9.503783226013184 0.646434485912323 1.9704279899597168
9.799467086791992 0.4596867263317108 0.7745242714881897
9.907206535339355 0.39863458275794983 -0.27653029561042786
