-6.285976409912109 -0.3411737382411957 7.068880558013916
-3.3530795574188232 -1.113303780555725 9.430760383605957
-1.988384485244751 -1.194706678390503 9.795876502990723
-0.4944026470184326 -0.9373299479484558 10.016142845153809
1.3192051649093628 -0.6093243360519409 9.891644477844238
3.134010076522827 -0.3711012601852417 9.610325813293457
5.477933406829834 0.4058171808719635 8.51258373260498
7.000645637512207 1.0426748991012573 6.919242858886719
8.099584579467773 1.279700756072998 4.570530891418457
8.858546257019043 2.123656988143921 3.317166566848755
9.170989990234375 2.5019407272338867 1.1516109704971313
