-3.8103721141815186 -0.05386953800916672 8.019378662109375
-2.03507137298584 -0.8044517636299133 9.848548889160156
0.090979665517807 -0.6141127347946167 10.743980407714844
3.0657753944396973 -0.38067805767059326 9.283516883850098
5.264849662780762 -0.6560112833976746 8.431180953979492
6.477512836456299 -0.4884171485900879 6.904877662658691
8.218097686767578 -0.6572083830833435 5.8406548500061035
8.899248123168945 -0.9660604000091553 3.821146011352539
9.765948295593262 -0.9397241473197937 1.358709454536438
10.096348762512207 -0.8786720037460327 -0.568622887134552
