-4.705803394317627 -0.06584054976701736 8.08402156829834
-2.759317398071289 -1.0977414846420288 9.320627212524414
1.0785878896713257 -0.8858546018600464 10.969035148620605
3.247734546661377 -0.7038952708244324 9.646238327026367
5.373785495758057 -0.28969839215278625 8.315062522888184
7.053318023681641 -0.30526071786880493 6.664260387420654
8.427590370178223 -0.1735796183347702 5.216965675354004
9.246406555175781 -0.41539400815963745 4.094084739685059
9.692925453186035 -0.5506663918495178 1.315613865852356
9.9371337890625 -0.8343793153762817 -1.5298948287963867
8.595184326171875 -0.7757213711738586 -3.1938650608062744
