-4.698620796203613 0.4812345504760742 8.628703117370605
-3.4596214294433594 -0.8870517015457153 10.018536567687988
-0.9552865028381348 -0.46088382601737976 9.786299705505371
-0.8248024582862854 -0.4273650050163269 9.682151794433594
-0.9265560507774353 -0.3076549172401428 9.617507934570312
-1.0211269855499268 -0.32441434264183044 9.926360130310059
-0.8367735147476196 -0.21428105235099792 10.160991668701172
-0.49559974670410156 -0.14844051003456116 10.141838073730469
-0.2322375625371933 -0.05626374110579491 9.940725326538086
-0.05506663769483566 0.02992752194404602 10.089165687561035
-0.0071826050989329815 -0.035913024097681046 10.18493366241455
0.005985504016280174 -0.22864626348018646 10.261548042297363
0.18914192914962769 -0.21308395266532898 10.168174743652344
0.333991140127182 -0.13527239859104156 9.840168952941895
0.6392518281936646 -0.12928688526153564 9.891644477844238
1.1073182821273804 -0.2908954918384552 10.056844711303711
1.5502456426620483 -0.35075053572654724 10.068815231323242
