-7.632715225219727 0.4991910457611084 6.707355976104736
-7.073668956756592 0.5578489899635315 5.475539207458496
-6.490680694580078 0.7146692276000977 4.759673118591309
-6.107608318328857 0.7769184708595276 5.148730754852295
-5.914875507354736 0.5793967843055725 6.777985095977783
-6.01303768157959 0.2106897532939911 7.8781208992004395
-6.302735805511475 -0.2717418968677521 8.13789176940918
-6.214150428771973 -0.40701428055763245 8.164227485656738
-6.0010666847229 -0.39624038338661194 8.107964515686035
-5.826289653778076 -0.2214636504650116 8.208520889282227
-5.680243492126465 -0.2693476974964142 8.403648376464844
-5.780799865722656 -0.5111620426177979 8.516175270080566
-5.912481307983398 -0.6572083830833435 8.431180953979492
-5.7760114669799805 -0.6536170840263367 8.497021675109863
-5.596446514129639 -0.6021417379379272 8.651448249816895
-5.170278549194336 -0.424970805644989 9.077615737915039
-4.906916618347168 -0.38905778527259827 9.050082206726074
