-6.281188011169434 -0.6811503767967224 7.524975776672363
-5.855020046234131 -0.8774749040603638 6.329071998596191
-5.681440830230713 -0.7577648162841797 6.296750545501709
-5.783194065093994 -0.5015852451324463 7.481880187988281
-5.729324817657471 -0.5279214978218079 8.949525833129883
-4.875791549682617 -0.6141127347946167 9.585186958312988
-4.1431660652160645 -0.8379706144332886 9.487024307250977
-4.302380561828613 -0.9445125460624695 8.96389102935791
-5.037400245666504 -0.9481038451194763 8.905233383178711
-5.224148273468018 -1.4520833492279053 9.305065155029297
-4.627991676330566 -1.9728221893310547 9.400833129882812
-3.930082082748413 -1.644816517829895 9.294290542602539
-3.4308910369873047 -1.035492181777954 9.117119789123535
-3.183091163635254 -0.6619967818260193 8.945934295654297
-2.898181200027466 -0.6057330369949341 8.939949035644531
-2.673126220703125 -0.7242460250854492 9.064447402954102
-2.4672248363494873 -0.7206547260284424 9.427168846130371
