-5.249287128448486 -0.5207388401031494 7.402871608734131
-2.9532477855682373 -0.6871358752250671 9.692925453186035
-0.7182605266571045 -0.12330138683319092 9.710882186889648
2.1128830909729004 0.2585737705230713 9.804255485534668
4.169502258300781 0.45010992884635925 9.168595314025879
5.69580602645874 0.49799394607543945 7.966706275939941
7.4567413330078125 0.5901707410812378 6.83903694152832
8.389283180236816 0.48602294921875 5.48272180557251
9.209297180175781 0.5207388401031494 3.3446998596191406
9.736021041870117 0.7793126702308655 2.051830768585205
10.110713958740234 0.8882488012313843 -0.7960720658302307
9.135076522827148 0.6129156351089478 -3.3303346633911133
9.147047996520996 0.40701428055763245 -3.9013516902923584
