-0.15003967 -1.9999542 9.378891 0:00:035
-0.33677673 -2.0781708 9.680557 0:00:095
-0.35754395 -1.9871826 9.40921 0:00:155
-0.21228027 -2.1036987 9.710876 0:00:215
-0.3128357 -2.1627655 9.953491 0:00:276
-0.25697327 -2.0111237 9.98381 0:00:336
-0.52033997 -1.974411 10.113113 0:00:397
-1.0949554 -1.4764252 10.670166 0:00:456
-0.6911316 -1.1907196 11.121872 0:00:517
-0.30166626 -0.08938599 11.3134 0:00:577
0.45968628 -0.025527954 9.441132 0:00:637
0.23303223 1.543457 9.908798 0:00:698
1.0534515 2.472412 9.560852 0:00:758
0.5011902 3.8977509 7.9487457 0:00:818
1.2146606 4.7724457 7.528961 0:00:878
0.5618286 5.817917 5.6279755 0:00:938
0.7246399 6.521805 5.7061768 0:00:998
1.019928 6.5840454 6.6447144 0:01:058
