-3.0055237 -5.07251 7.455536 0:00:023
-3.010315 -5.149124 7.658249 0:00:083
-2.7932434 -5.299164 7.991852 0:00:143
-3.037445 -5.326294 8.189758 0:00:203
-2.858673 -4.9719543 8.561661 0:00:264
-2.9400787 -4.6750793 8.936752 0:00:324
-2.764511 -4.711792 8.413223 0:00:384
-2.518692 -4.1595306 8.496231 0:00:445
-2.74057 -3.8690338 8.670197 0:00:504
-2.6990662 -3.396576 8.384491 0:00:565
-2.1356354 -2.968811 9.541687 0:00:625
-2.2505493 -2.2824707 9.495407 0:00:685
-1.9584503 -1.7046661 9.249603 0:00:745
-2.3207703 -0.99279785 9.035721 0:00:806
-2.2473602 -0.4724579 10.022125 0:00:866
-1.9393005 0.2059021 9.629486 0:00:926
-2.1882935 0.72784424 9.950302 0:00:986
-1.9664307 1.6743469 9.417191 0:01:046
-1.9297333 2.194687 9.097961 0:01:106
-2.3542938 2.62883 9.072433 0:01:167
-2.0031433 3.4731903 8.88887 0:01:227
-2.2106476 3.987152 8.026962 0:01:287
-2.3064117 4.421295 8.078033 0:01:347
-2.3734589 5.0038757 7.254425 0:01:407
-2.2808685 5.297577 8.327042 0:01:468
-2.649582 5.738098 6.3973083 0:01:528
-2.2505493 5.9296417 6.566498 0:01:588
-1.9712219 6.319092 7.68219 0:01:648
-2.4149475 6.5186157 5.8785706 0:01:708
-2.111679 6.5569305 6.1546936 0:01:769
