-3.034256 -3.4747772 8.639877 0:00:001
-2.9560394 -3.5035095 8.272766 0:00:062
-3.0534058 -3.6838837 8.960709 0:00:122
-2.9289093 -3.3838043 8.911224 0:00:182
-3.0055237 -3.3502808 9.849747 0:00:243
-2.4580536 -3.0454254 8.941544 0:00:303
-2.4772034 -2.5985107 9.165009 0:00:363
-2.039856 -2.2297974 9.283112 0:00:423
-1.9616547 -1.9329224 9.241623 0:00:483
-2.2250214 -1.4860077 9.967865 0:00:544
-2.0031433 -1.1460266 9.726837 0:00:604
-1.9472809 -0.5730133 10.37648 0:00:664
-1.7541504 0.22824097 9.426773 0:00:725
-1.6264648 0.6767578 8.923981 0:00:784
-1.832367 1.2242279 9.624695 0:00:844
-1.5035553 1.8259735 9.161819 0:00:905
-1.7413788 2.1914978 9.500183 0:00:965
-1.3423462 2.9975433 9.350159 0:01:025
-1.4764252 3.3231506 8.805878 0:01:085
-1.3311768 4.0877075 8.788315 0:01:146
-1.3311768 4.6782684 8.456329 0:01:206
-1.1891174 5.03421 8.307877 0:01:266
-1.1252747 5.479538 7.833832 0:01:326
-1.157196 5.843445 7.2256927 0:01:387
-1.2082825 5.951996 7.2225037 0:01:447
-1.0167389 6.4866943 6.9750977 0:01:507
-0.7645569 6.730896 6.687805 0:01:567
-1.0805817 7.067688 6.885727 0:01:628
-1.1508179 7.155472 5.848236 0:01:688
-1.3184052 7.378937 6.159485 0:01:748
-1.3008575 7.522583 5.2895966 0:01:808
-0.92575073 7.910446 6.0573273 0:01:868
-1.2769165 7.5529175 4.7197723 0:01:928
-1.2801056 7.7173157 5.232132 0:01:988
