-3.3806152 -3.9041443 8.252014 0:00:012
-3.442871 -3.8610535 8.386093 0:00:072
-3.2241821 -3.6296082 9.618301 0:00:132
-2.7054443 -3.240158 10.287094 0:00:193
-2.8890076 -3.0693665 9.078812 0:00:253
-3.0262756 -1.9760132 9.117126 0:00:313
-2.019104 -1.0694122 10.111511 0:00:373
-2.8826141 -0.54267883 10.055649 0:00:433
-1.7094574 0.8044586 10.684525 0:00:493
-2.2329865 1.5418701 9.977432 0:00:554
-1.7126465 3.2321625 8.925583 0:00:614
-2.0685883 4.255295 7.2799683 0:00:674
-2.0510406 5.343857 6.79953 0:00:735
-2.0526276 6.001465 5.8594055 0:00:795
-1.8068237 6.6925964 6.006256 0:00:855
-1.7302094 7.30072 5.661484 0:00:915
-1.9887848 7.675812 5.465164 0:00:975
-1.7110596 8.177002 4.4276733 0:01:036
-2.2713013 8.125916 4.4053345 0:01:096
-1.8946075 8.247223 3.7014313 0:01:156
-1.7333984 8.328629 3.5689545 0:01:216
-1.7302094 8.644669 3.782837 0:01:276
