-0.48243165016174316 8.607154846191406 2.9724013805389404
-0.44532153010368347 7.779958248138428 6.009446144104004
-0.6703764796257019 6.446388244628906 7.140706539154053
-0.46088382601737976 5.051765441894531 8.255207061767578
-1.0319008827209473 3.5853171348571777 9.066842079162598
-1.40180504322052 1.6101006269454956 9.84256362915039
-1.1300631761550903 -0.4058171808719635 10.63504409790039
-1.3060370683670044 -1.7836803197860718 10.061633110046387
-1.9776105880737305 -3.7481226921081543 9.57321548461914
-2.741360902786255 -5.261258125305176 8.160636901855469
-2.625242233276367 -5.649118900299072 8.101978302001953
