-1.071405291557312 8.463502883911133 3.8091750144958496
-0.5554547905921936 7.671022415161133 6.737283706665039
-0.5542576909065247 6.5696892738342285 6.3961100578308105
-0.3148375153541565 5.1595048904418945 8.960299491882324
-0.45489832758903503 3.980360269546509 9.384073257446289
-0.750582218170166 2.7030537128448486 8.435969352722168
-0.6476315855979919 0.26575639843940735 10.186131477355957
-0.8762778043746948 -1.278503656387329 9.999382972717285
-1.413776159286499 -2.318784236907959 9.528923034667969
-1.7513585090637207 -3.403357744216919 9.342175483703613
-2.585737943649292 -4.886565685272217 7.706935405731201
