-0.8200140595436096 8.368931770324707 3.5422213077545166
-0.910993754863739 7.179013729095459 6.09324312210083
-0.30526071786880493 6.192602634429932 8.87171459197998
-0.8571242094039917 4.311957359313965 8.789113998413086
-0.9026140570640564 2.365471363067627 9.720458984375
-0.9421183466911316 0.6129156351089478 10.217255592346191
-1.1863269805908203 -0.6799532771110535 9.885659217834473
-1.2880805730819702 -2.0219032764434814 8.743624687194824
-2.1966800689697266 -4.487931251525879 9.35893440246582
-2.45285964012146 -5.339069843292236 9.127894401550293
