-0.47644615173339844 8.65623664855957 4.528632640838623
-1.0247182846069336 7.712920665740967 5.583278179168701
-0.2298433631658554 6.540958881378174 7.305906295776367
-0.4273650050163269 5.310339450836182 9.19972038269043
-1.0115501880645752 3.8714241981506348 8.734047889709473
-1.1432312726974487 2.1990742683410645 10.196905136108398
-1.0462661981582642 0.6572083830833435 9.732429504394531
-1.9057846069335938 -0.8954314589500427 8.992621421813965
-1.9369091987609863 -2.1057004928588867 8.554482460021973
-2.0865468978881836 -3.892971992492676 9.591172218322754
