-0.5183446407318115 4.255693435668945 5.189432144165039
-1.193509578704834 3.4811692237854004 6.138733386993408
-1.2832920551300049 2.736572504043579 7.5668745040893555
-1.3251906633377075 2.1344308853149414 8.938752174377441
-1.2461819648742676 1.414973258972168 9.618705749511719
-0.8631097078323364 0.8367735147476196 9.667786598205566
-0.6200982332229614 0.5781996846199036 9.139864921569824
-0.606930136680603 0.4405331015586853 9.123106002807617
-0.7841010689735413 0.10175357013940811 10.753557205200195
-0.7374141216278076 -0.40940847992897034 12.166135787963867
-0.42616790533065796 -0.8248024582862854 12.569559097290039
-0.35913026332855225 -1.0797849893569946 11.808202743530273
-1.0522516965866089 -1.213860273361206 11.174936294555664
-1.3682862520217896 -1.459265947341919 11.749545097351074
-1.1803414821624756 -1.7094600200653076 12.02487850189209
-0.6739677786827087 -2.096123695373535 11.805809020996094
-0.5937620401382446 -2.3558945655822754 10.679336547851562
