0.5614402890205383 8.074444770812988 4.110844135284424
-0.08259996026754379 7.975085735321045 4.022258758544922
-0.22266076505184174 8.145073890686035 4.176684856414795
-0.30286651849746704 8.333019256591797 4.942829608917236
-0.363918662071228 8.118738174438477 5.629965305328369
-0.1951274424791336 8.066065788269043 5.562927722930908
0.02274491637945175 8.26119327545166 5.187037944793701
0.035913024097681046 8.324639320373535 5.145139217376709
0.07182604819536209 7.81108283996582 4.99669885635376
0.3495534360408783 7.299921035766602 4.880579948425293
0.40940847992897034 7.202955722808838 5.310339450836182
0.3663128614425659 6.950367450714111 5.713762283325195
0.5099649429321289 6.357802391052246 6.253654956817627
0.6224924325942993 5.823895454406738 7.536946773529053
0.6177040338516235 5.492298603057861 8.075642585754395
0.6883329749107361 5.542576789855957 8.0145902633667
0.6320692300796509 5.414487361907959 7.782352447509766
0.524330198764801 5.023035049438477 7.915230751037598
