0.05027823522686958 6.653486728668213 7.399280548095703
-0.0933738648891449 6.640318393707275 7.015010833740234
-0.0071826050989329815 6.593631267547607 7.041347026824951
-0.013168109580874443 6.458359241485596 6.8557963371276855
-0.090979665517807 6.2847795486450195 6.4080810546875
-0.0586579404771328 6.204573631286621 6.118382453918457
0.15921440720558167 6.2392897605896 6.6355299949646
0.1759738177061081 6.190208435058594 6.998251438140869
0.11851298063993454 6.155492782592773 7.229291915893555
0.13048399984836578 6.14831018447876 7.467514991760254
0.18914192914962769 6.064512729644775 7.8098859786987305
0.18794482946395874 6.028599739074707 7.975085735321045
0.41539400815963745 4.514267444610596 8.440757751464844
0.2322375625371933 2.121262788772583 10.488997459411621
-0.608127236366272 -0.3172317147254944 9.86889934539795
-1.0642226934432983 -2.3798365592956543 10.02571964263916
-1.0905588865280151 -4.46518611907959 10.305841445922852
