0.17956513166427612 8.835801124572754 4.157531261444092
0.31124621629714966 8.435969352722168 3.043030261993408
0.34356793761253357 7.643488883972168 4.2951979637146
0.4776432514190674 5.795165061950684 8.044517517089844
0.5207388401031494 4.81473970413208 8.243236541748047
0.40222588181495667 3.272873640060425 9.299078941345215
0.33758243918418884 1.3479355573654175 10.250774383544922
0.22625206410884857 -0.30526071786880493 9.932345390319824
-0.15801730751991272 -1.7298107147216797 9.44991397857666
-0.44412440061569214 -3.090914487838745 9.374496459960938
0.04908113554120064 -4.400542736053467 9.702502250671387
0.45848962664604187 -5.306747913360596 8.808267593383789
-0.005985504016280174 -6.8593878746032715 7.583633899688721
-0.4728548228740692 -7.605181694030762 6.818686485290527
