-0.27653029561042786 9.387664794921875 1.8399440050125122
0.02992752194404602 9.066842079162598 1.3886369466781616
-0.008379706181585789 8.35456657409668 4.665102005004883
-0.2944868206977844 7.637503623962402 4.738125324249268
-0.0035913025494664907 6.209362030029297 7.574057102203369
0.31124621629714966 4.637568473815918 8.65743350982666
-0.1041477769613266 2.2014684677124023 10.193313598632812
0.24660277366638184 -0.9241618514060974 10.65778923034668
0.1999158412218094 -2.98437237739563 10.064026832580566
-0.4345476031303406 -4.668693542480469 8.93037223815918
-0.811634361743927 -5.890933513641357 7.805097579956055
-0.6799532771110535 -6.341042995452881 7.933187484741211
-0.8966285586357117 -7.026981830596924 6.393715858459473
-1.2318167686462402 -7.636306285858154 6.508637428283691
