0.5195417404174805 5.713762283325195 7.131129741668701
0.3387795388698578 4.301183223724365 9.042900085449219
0.2190694510936737 2.4145524501800537 9.536105155944824
0.7398083209991455 0.751779317855835 10.243592262268066
0.43933600187301636 -0.5817909836769104 9.822212219238281
0.3172317147254944 -1.9931728839874268 9.490615844726562
0.5590460896492004 -3.3889925479888916 10.259154319763184
0.05626374110579491 -4.918887615203857 7.922413349151611
-0.4728548228740692 -7.026981830596924 7.665036678314209
-0.6871358752250671 -7.9846625328063965 6.813898086547852
-0.7134721279144287 -7.766790390014648 7.050923824310303
