0.25737667083740234 7.216124057769775 6.094440460205078
0.23822307586669922 5.768828868865967 7.466318130493164
0.3076549172401428 3.975571870803833 9.6618013381958
0.04429273307323456 2.3355438709259033 9.403226852416992
0.2106897532939911 1.2018892765045166 9.645041465759277
0.22864626348018646 -0.6105214357376099 9.827000617980957
0.10534487664699554 -2.557007312774658 9.828198432922363
0.0454898327589035 -3.509899616241455 9.105149269104004
0.4513070285320282 -4.821922302246094 8.779537200927734
0.395043283700943 -6.2165446281433105 8.038532257080078
-0.2298433631658554 -7.037755966186523 7.803900241851807
-0.6105214357376099 -7.769184589385986 6.503849029541016
