-0.0802057534456253 6.345831394195557 6.1052141189575195
0.005985504016280174 6.203376770019531 5.874173641204834
-0.05506663769483566 6.169857978820801 5.8837504386901855
0.15682020783424377 6.0836663246154785 6.327875137329102
0.6009446382522583 5.989095687866211 6.751648902893066
0.5913678407669067 5.815515995025635 6.697779178619385
-0.023942016065120697 5.34625244140625 6.202179431915283
-0.6404489278793335 4.702212333679199 5.986701488494873
-1.0079588890075684 4.079719543457031 6.295553207397461
-0.4141969084739685 3.7624878883361816 7.91163969039917
0.25977087020874023 3.5649664402008057 9.550470352172852
0.043095629662275314 3.19865345954895 10.101137161254883
-0.7960720658302307 2.7126305103302 9.305065155029297
-1.095347285270691 2.1763293743133545 9.570821762084961
-0.6596025824546814 1.821987509727478 10.781089782714844
-0.5374982953071594 1.4269442558288574 10.739192008972168
-0.5710170865058899 1.0809820890426636 9.97065258026123
