0.667982280254364 7.783549785614014 4.95001220703125
0.6560112833976746 6.599617004394531 7.613561630249023
0.20470423996448517 5.227739334106445 8.242039680480957
0.507570743560791 4.267664432525635 8.821435928344727
0.023942016065120697 2.584540843963623 9.745597839355469
-0.10773907601833344 1.260547161102295 10.132261276245117
-0.6811503767967224 -0.08978256583213806 9.647436141967773
-0.8355764150619507 -1.5418659448623657 10.145429611206055
-1.0761936902999878 -2.7234044075012207 9.765948295593262
-1.9847931861877441 -4.351461410522461 8.433575630187988
-2.693476915359497 -5.578489780426025 8.147468566894531
-2.668337821960449 -6.464344501495361 7.5848307609558105
-2.3259668350219727 -6.48708963394165 8.152256965637207
