0.43694180250167847 7.688978672027588 5.524620532989502
0.6524199843406677 7.066486358642578 6.111199855804443
0.6236895322799683 5.919663906097412 7.171831130981445
0.014365210197865963 3.955221176147461 9.344569206237793
-0.28371289372444153 2.6599581241607666 9.1446533203125
-0.6009446382522583 1.3192051649093628 9.623494148254395
-0.9971849918365479 -0.03711012750864029 9.481039047241211
-1.2868833541870117 -1.4724340438842773 10.08198356628418
-0.8331822156906128 -2.433706045150757 9.837775230407715
-1.4772224426269531 -3.620033025741577 8.892065048217773
-2.3726539611816406 -5.197812080383301 8.580819129943848
-2.4432828426361084 -5.8885393142700195 7.029376029968262
