2.628833532333374 6.379350662231445 7.086836814880371
1.8160020112991333 4.72495698928833 5.12000036239624
2.342726469039917 2.3918075561523438 9.986215591430664
2.1272482872009277 0.9648633003234863 9.489418029785156
2.0171148777008057 -0.07541735470294952 9.746794700622559
1.8914192914962769 -1.2832920551300049 9.765948295593262
1.8267759084701538 -2.698265314102173 10.078392028808594
1.4700398445129395 -4.07014274597168 9.32541561126709
0.8343793153762817 -5.406107425689697 7.493851184844971
0.8906430602073669 -6.233304023742676 8.504204750061035
