0.6117185354232788 8.506598472595215 4.879383087158203
0.6392518281936646 7.602787494659424 5.5557451248168945
0.6763619780540466 6.411672115325928 6.771999359130859
0.5758054852485657 4.756081581115723 8.688557624816895
0.7661445140838623 3.4572272300720215 9.030928611755371
0.7326257228851318 1.7836803197860718 9.783905029296875
0.42856210470199585 0.08978256583213806 9.93593692779541
0.333991140127182 -1.4724340438842773 9.84256362915039
0.13766659796237946 -3.242946147918701 9.277531623840332
-0.3208230137825012 -5.0912699699401855 7.673416614532471
-0.3818751573562622 -6.520608425140381 8.016983985900879
