-0.21547815203666687 8.242039680480957 4.590881824493408
-0.7841010689735413 6.858190536499023 8.05050277709961
-0.6320692300796509 5.832275390625 6.698976516723633
-0.6643909811973572 4.294000625610352 8.926780700683594
-1.436521053314209 2.7293899059295654 9.238027572631836
-1.659181833267212 0.7613561153411865 8.971074104309082
-1.279700756072998 -1.282094955444336 10.316615104675293
-1.744175910949707 -1.968033790588379 9.188945770263672
-1.7705121040344238 -3.111265182495117 9.764751434326172
-2.5019407272338867 -4.394556999206543 8.506598472595215
-2.561795711517334 -5.574898719787598 8.508993148803711
-2.4887726306915283 -5.646724700927734 8.248024940490723
