0.27453613 1.1236725 9.512955 0:00:018
0.011169434 0.90979004 10.167374 0:00:078
-0.054275513 1.0726013 9.552856 0:00:139
-0.0047912598 1.1188965 9.696518 0:00:199
0.19952393 0.9880066 9.720459 0:00:260
0.14685059 1.0135498 9.608734 0:00:320
0.21388245 1.0598297 9.777924 0:00:381
0.1643982 1.1300659 9.755585 0:00:441
0.5171509 1.1220856 9.939133 0:00:501
1.1731567 1.0119476 9.587982 0:00:561
1.6280518 0.9736481 9.702896 0:00:621
1.9217377 1.157196 9.303864 0:00:681
2.4436798 1.1045227 9.259171 0:00:742
2.78685 1.2992554 9.648636 0:00:802
3.07576 1.2306213 9.316635 0:00:862
3.6008759 1.4684448 9.477844 0:00:922
4.0206604 1.3726807 7.8513947 0:00:983
4.7213593 1.5673981 8.596771 0:01:043
4.7022095 1.5929413 7.591217 0:01:103
5.687027 1.5690002 8.488251 0:01:163
5.9440002 1.4237518 7.7364655 0:01:223
6.64151 1.3918304 7.112381 0:01:284
6.9016876 1.5003662 6.274414 0:01:344
7.185791 1.6105042 6.234497 0:01:404
7.4890594 1.6504059 5.5657196 0:01:464
7.754013 1.6823273 6.06691 0:01:524
7.800308 1.6599731 5.3981323 0:01:584
8.046112 1.5626221 5.319916 0:01:644
8.116348 1.5961304 5.075714 0:01:705
8.282349 1.6312408 5.1108246 0:01:765
8.090805 1.7126465 4.9528046 0:01:825
8.267975 1.6823273 4.9591827 0:01:885
8.323837 1.6025238 4.850662 0:01:945
8.548904 1.5530396 4.8299103 0:02:006
8.449936 1.5977325 4.738922 0:02:065
8.422806 1.7094574 4.762863 0:02:127
8.371719 1.7397919 4.689438 0:02:186
8.239243 1.7509613 4.5729218 0:02:247
8.207321 1.790863 4.86821 0:02:307
8.344589 1.722229 4.893753 0:02:367
8.247223 1.7238312 4.893753 0:02:427
8.240845 1.701477 5.2895966 0:02:487
7.991852 1.766922 5.482727 0:02:547
8.087616 1.6855164 5.294388 0:02:608
7.632721 1.8914185 6.189804 0:02:668
7.586426 2.0079346 5.9982758 0:02:729
7.323059 2.1611633 5.8737793 0:02:789
7.4411774 2.173935 5.793976 0:02:848
7.402878 2.1420135 5.60083 0:02:908
7.8737335 1.993576 5.875366 0:02:969
7.611969 2.153183 5.6119995 0:03:029
7.540146 2.1005096 5.8977203 0:03:090
7.4411774 2.2282104 5.9440002 0:03:150
7.4491577 2.1643677 5.894516 0:03:210
7.592804 2.1436005 5.797165 0:03:270
7.568863 2.149994 5.825897 0:03:330
7.6295166 2.1372223 5.687027 0:03:391
7.436386 2.2042694 5.8530273 0:03:451
7.594406 2.1260529 5.8977203 0:03:512
7.6662292 2.0941315 5.864197 0:03:571
7.6231384 2.1228638 5.8131256 0:03:631
7.4667206 2.2409668 5.7636414 0:03:692
7.5305634 2.2234192 5.734909 0:03:752
7.661438 2.1579742 5.664688 0:03:812
7.6646423 2.149994 5.757263 0:03:872
7.594406 2.1819153 5.6119995 0:03:932
7.6023865 2.1787262 5.88974 0:03:993
7.5960083 2.221817 5.797165 0:04:052
7.5513153 2.1707458 5.7668304 0:04:113
7.5337524 2.2361908 5.730118 0:04:173
7.6901703 2.1883087 5.7636414 0:04:233
7.642288 2.1643524 5.6950073 0:04:294
7.634308 2.1930847 5.709381 0:04:354
7.565674 2.2377777 5.7173615 0:04:414
7.541733 2.2601318 5.752472 0:04:475
7.6407013 2.1994781 5.7237396 0:04:535
7.6055756 2.2042542 5.4907074 0:04:595
7.797119 2.1260529 5.955185 0:04:655
