-1.0901642 0.036712646 9.950302 0:00:002
-1.0486603 0.049484253 9.89444 0:00:064
-0.767746 -0.0574646 9.768341 0:00:125
-0.8666992 0.12289429 9.608734 0:00:185
-0.62887573 0.19154358 9.840164 0:00:245
0.046295166 -0.07342529 10.017334 0:00:305
-0.24739075 0.2346344 9.905609 0:00:365
0.6719818 0.16600037 9.59436 0:00:426
1.449295 0.13407898 9.872086 0:00:486
1.95047 0.14205933 9.150635 0:00:546
2.627243 0.118118286 9.287903 0:00:607
3.262497 0.04309082 9.177765 0:00:667
3.4987183 0.2059021 9.209702 0:00:727
4.0940857 0.12609863 9.21608 0:00:787
4.5410004 0.24580383 8.847366 0:00:847
4.80278 0.37509155 8.486649 0:00:907
5.050171 0.46766663 7.6231384 0:00:968
6.1339417 0.2841034 7.6646423 0:01:028
6.06691 0.48043823 7.439575 0:01:088
6.5154266 0.5171509 7.455551 0:01:148
6.793152 0.34475708 7.074066 0:01:209
6.8346405 0.49320984 6.1961975 0:01:269
7.000641 0.5315094 6.547348 0:01:329
7.452347 0.38467407 6.161087 0:01:388
