-4.1978455 0.48362732 9.445923 0:00:023
-3.8482819 0.44851685 10.049255 0:00:083
-3.0023346 0.48043823 9.784302 0:00:144
-2.2202148 0.74220276 9.38208 0:00:204
-1.3184052 0.7182617 9.460281 0:00:264
-0.4421234 0.881073 9.061264 0:00:324
0.21707153 0.8220062 9.694931 0:00:385
1.0630188 0.91937256 9.55925 0:00:445
1.3503265 0.84594727 9.781113 0:00:505
2.2553406 0.8395691 9.270355 0:00:565
3.2784576 0.6368561 9.444321 0:00:625
3.9584198 0.60653687 8.568054 0:00:685
4.2983856 0.6623993 8.4674835 0:00:746
4.647949 0.7406006 8.52655 0:00:806
4.8602295 0.76135254 8.149857 0:00:866
5.1954193 0.6655884 8.197754 0:00:926
5.8610077 0.52194214 7.7827454 0:00:986
6.046158 0.499588 8.108368 0:01:046
6.135544 0.5570526 7.388504 0:01:107
6.758026 0.51075745 7.299118 0:01:167
6.844223 0.5857849 6.6989746 0:01:227
6.724518 0.76135254 6.7404785 0:01:288
7.08844 0.65919495 6.25206 0:01:348
