-0.40701294 0.8251953 9.568832 0:00:047
-0.6959076 0.7406006 10.27272 0:00:108
-0.65441895 0.8651123 9.597565 0:00:168
-0.33998108 0.90660095 9.793884 0:00:228
0.26974487 0.8108368 10.015747 0:00:288
1.2386017 0.48841858 9.7061 0:00:349
1.7764893 0.52352905 9.647034 0:00:409
2.1483917 0.7629547 9.206497 0:00:470
2.427719 0.7118683 8.882492 0:00:530
2.8890076 0.69911194 9.160217 0:00:590
3.6902618 0.43733215 9.3246155 0:00:650
4.145157 0.34317017 9.061249 0:00:710
4.6766663 0.34796143 8.604767 0:00:770
4.92247 0.4245758 8.293518 0:00:830
5.209778 0.49319458 7.888092 0:00:891
5.6056213 0.39424133 7.7907257 0:00:951
5.9009094 0.31762695 7.755615 0:01:011
6.200989 0.36392212 7.9694977 0:01:072
6.119583 0.14205933 7.476288 0:01:132
6.138733 0.098968506 7.158661 0:01:192
6.320694 0.2505951 7.5114136 0:01:251
6.1546936 0.13885498 7.5273743 0:01:312
6.229706 0.060653687 7.2145233 0:01:372
6.480316 -0.0574646 7.501831 0:01:433
6.61438 -0.14524841 7.342224 0:01:493
6.6941986 -0.14205933 7.549713 0:01:553
6.2648315 -0.08140564 7.426819 0:01:613
6.1467133 0.03829956 7.3565826 0:01:674
6.0589294 0.060653687 7.631119 0:01:734
6.1275635 0.0016021729 7.552902 0:01:794
5.6327515 0.10055542 7.870529 0:01:854
5.964752 0.039901733 7.8673553 0:01:914
5.505066 0.13568115 7.7109222 0:01:974
5.6136017 0.020751953 8.32225 0:02:034
5.307144 0.07980347 8.255203 0:02:095
5.2895966 0.15960693 8.004608 0:02:155
5.3837585 0.07022095 8.320648 0:02:214
