-1.2242279 1.1683655 9.602341 0:00:028
-1.222641 1.0805817 9.849747 0:00:089
-1.2753143 1.1316681 9.485825 0:00:149
-1.1955109 1.0917511 9.584793 0:00:209
-1.0055695 1.0263214 9.503387 0:00:270
-0.8427582 0.99438477 9.71727 0:00:330
-0.64323425 0.8539276 9.836975 0:00:390
-0.499588 0.8443451 9.701309 0:00:451
-0.19792175 0.89064026 9.926361 0:00:511
0.20271301 0.8874512 9.7444 0:00:571
0.7086792 0.9129944 9.632675 0:00:631
1.1252747 0.8666992 9.757172 0:00:691
1.4285431 0.930542 9.431564 0:00:751
1.856308 0.95448303 9.445923 0:00:812
2.1819153 0.96725464 9.421982 0:00:872
2.5107117 0.97683716 9.20491 0:00:932
2.8746338 0.93852234 9.219284 0:00:992
3.213028 0.91778564 9.078812 0:01:052
3.575348 0.8794708 9.252792 0:01:112
4.0382233 0.79966736 8.876099 0:01:172
4.7213745 0.7629547 8.595184 0:01:233
4.9352417 0.8507385 8.344589 0:01:293
5.254471 0.9145813 8.0525055 0:01:354
5.8562164 0.83477783 7.6039886 0:01:414
5.9711456 0.82839966 7.275177 0:01:474
6.611191 0.77412415 7.275177 0:01:534
6.8266754 0.65760803 6.548935 0:01:594
7.4475555 0.5283203 6.5569305 0:01:654
7.1698303 0.67037964 6.2600403 0:01:714
7.4220276 0.54907227 6.213745 0:01:775
