-0.494812 0.9624634 9.896027 0:00:016
-0.46606445 0.82839966 10.09874 0:00:077
-0.24261475 0.9449158 9.816223 0:00:137
0.21388245 0.94651794 9.603943 0:00:197
0.5586395 0.92575073 9.841766 0:00:257
0.74539185 1.0566406 9.615112 0:00:317
1.6599731 0.8954315 9.501785 0:00:378
2.5426483 0.70069885 9.356537 0:00:438
2.9432678 0.8220062 9.315033 0:00:498
3.489151 0.84594727 9.06604 0:00:558
3.9903412 0.8299866 8.911224 0:00:619
4.5202637 0.9241638 8.51059 0:00:679
5.1507263 0.77412415 8.403641 0:00:739
5.2512817 0.9465027 7.452347 0:00:799
6.0796814 0.7485962 7.573654 0:00:859
6.4659424 0.6368561 7.294327 0:00:920
6.7213287 0.5905762 7.251236 0:00:980
7.187393 0.5985565 7.093216 0:01:040
6.8553925 0.791687 6.499466 0:01:100
7.4012756 0.5857849 5.5657196 0:01:160
