-0.5139618 3.4109344 9.308655 7479:37:175
-0.08140564 3.6759033 8.534531 0:00:061
-0.42137146 3.147583 9.083603 0:00:121
-0.58418274 2.6416016 8.904831 0:00:181
-0.58099365 2.2617188 9.53212 0:00:241
-0.21707153 2.0733795 9.800262 0:00:301
-0.47724915 1.5418701 9.39006 0:00:362
-0.65919495 1.335968 9.7747345 0:00:422
-0.58258057 0.96725464 9.439545 0:00:482
-0.78689575 0.6655884 9.244812 0:00:542
-0.77412415 0.17877197 9.908798 0:00:603
-0.65919495 -0.11013794 9.720459 0:00:663
-0.7214508 -0.46606445 9.8688965 0:00:723
-0.3383789 -0.50756836 9.969452 0:00:783
-0.71507263 -0.95129395 9.528931 0:00:843
-0.67037964 -1.2146606 9.372498 0:00:904
-0.8140259 -1.6376343 9.915192 0:00:964
-0.8108368 -1.9121704 9.120316 0:01:024
-1.2417908 -2.536255 9.1698 0:01:085
-0.9449158 -2.7485504 9.489014 0:01:144
-1.2306213 -3.0438232 9.580002 0:01:205
-1.2402039 -3.3710327 9.769943 0:01:265
-1.1763458 -3.289627 9.171387 0:01:325
-1.4764252 -3.3854065 9.241623 0:01:385
