-1.4269409 2.0829468 9.177765 0:00:013
-1.1492157 2.1340332 9.406021 0:00:074
-1.1412354 2.0542297 9.530518 0:00:134
-0.9911957 2.084549 9.263962 0:00:194
-1.0167389 1.9345093 9.109131 0:00:254
-0.9528961 1.8259735 9.144257 0:00:314
-1.0023804 1.3247986 9.152237 0:00:375
-0.93214417 0.98960876 9.600754 0:00:435
-0.97843933 0.6145172 9.836975 0:00:495
-0.841156 0.38146973 9.911987 0:00:555
-0.77093506 0.31604004 9.771545 0:00:616
-1.0279083 -0.08299255 9.465088 0:00:676
-0.8730774 -0.11172485 9.375702 0:00:736
-1.0343018 -0.58099365 9.728439 0:00:796
-0.99279785 -0.8299866 9.323029 0:00:856
-1.0007782 -1.1348572 9.55127 0:00:917
-1.0247192 -1.6344452 9.535309 0:00:977
-0.9720459 -2.0334778 9.56723 0:01:037
-0.999176 -2.4516602 9.664597 0:01:097
-0.9145813 -2.558609 9.500198 0:01:157
-0.9161835 -2.8778381 9.022949 0:01:218
-1.0981445 -3.240158 9.525742 0:01:278
-1.0087585 -3.3678436 8.789917 0:01:338
-1.0726013 -3.557785 8.87291 0:01:398
-1.2338104 -3.8849945 9.07402 0:01:459
-1.3008575 -4.1834717 8.852173 0:01:519
-1.474823 -4.571335 8.660629 0:01:579
-1.5546417 -4.8346863 8.844177 0:01:639
-1.5338898 -4.7692566 8.698929 0:01:699
-1.490799 -4.826706 7.9886475 0:01:760
-1.4732361 -4.756485 8.764374 0:01:820
-1.4556732 -4.579315 8.309479 0:01:879
