-0.52033997 3.4364777 8.935165 0:00:017
-0.4086151 3.2034454 9.286301 0:00:078
-0.4405365 3.1890717 9.338989 0:00:138
-0.34954834 3.0933075 8.743622 0:00:198
-0.59376526 2.828354 8.933563 0:00:258
-0.24580383 2.695877 8.952728 0:00:319
-0.6033478 2.0909424 9.575211 0:00:379
-0.52194214 1.790863 9.538498 0:00:439
-0.49479675 1.4317322 9.642242 0:00:499
-0.58099365 1.0183411 9.92157 0:00:560
-0.39105225 1.0087585 9.647034 0:00:620
-0.5251312 0.64004517 9.686935 0:00:680
-0.39105225 0.3798828 9.511368 0:00:740
-0.43893433 0.14685059 9.631073 0:00:800
-0.3511505 -0.22984314 9.465073 0:00:860
-0.32081604 -0.7645416 9.781113 0:00:921
-0.50598145 -1.1811371 9.790695 0:00:981
-0.499588 -1.4077911 9.252792 0:01:041
-0.64004517 -1.7701111 8.989426 0:01:101
-0.40701294 -2.0238953 9.650223 0:01:162
-0.6751709 -2.489975 9.674164 0:01:222
-0.61291504 -2.7581177 9.067642 0:01:282
-0.6799469 -3.126831 9.918381 0:01:342
-0.86032104 -3.6168365 8.847382 0:01:402
-1.3551178 -4.126007 9.263962 0:01:463
-1.4125824 -4.4994965 8.319046 0:01:523
-1.2753143 -4.6798706 9.292694 0:01:583
-1.4413147 -4.86821 9.061264 0:01:643
-1.3902283 -4.7612762 8.414825 0:01:703
-1.4891968 -4.5441895 8.713303 0:01:764
-1.1396332 -4.331909 8.20253 0:01:824
-1.5849609 -4.7692566 8.485046 0:01:884
-1.5961304 -4.8187256 8.504211 0:01:944
-1.7190399 -4.5856934 8.090805 0:02:004
