-0.1735796183347702 1.6687586307525635 9.556455612182617
-0.021547814831137657 1.4975731372833252 9.701305389404297
-0.0035913025494664907 1.2497732639312744 10.012551307678223
0.0071826050989329815 1.1635819673538208 10.104728698730469
0.06823474913835526 1.260547161102295 10.02811336517334
0.24899697303771973 1.337161660194397 10.176554679870605
0.28730419278144836 1.3503297567367554 10.18493366241455
0.17956513166427612 1.3000515699386597 10.004171371459961
0.1364694982767105 1.237802267074585 9.886856079101562
-0.043095629662275314 1.2066776752471924 10.013748168945312
-0.20350714027881622 1.173158884048462 10.041281700134277
-0.3818751573562622 1.2066776752471924 9.913191795349121
-0.5530605912208557 1.2832920551300049 9.86889934539795
-0.5207388401031494 1.216254472732544 10.044873237609863
-0.629675030708313 1.1264718770980835 9.817423820495605
-0.912190854549408 1.2725181579589844 10.071209907531738
-1.2222399711608887 1.2952631711959839 10.119093894958496
