7.205349922180176 0.6584054827690125 7.090428352355957
5.661089897155762 0.5231330990791321 8.186972618103027
4.32871675491333 0.5638344883918762 9.02254867553711
3.3279404640197754 0.8547300100326538 9.75397777557373
3.2956185340881348 0.871489405632019 9.742006301879883
3.3255462646484375 0.8702923059463501 9.677363395690918
3.136404275894165 0.9217676520347595 9.838972091674805
2.7988216876983643 0.9828197956085205 9.914389610290527
2.2685060501098633 0.9050082564353943 9.828198432922363
2.0195090770721436 0.7661445140838623 9.68574333190918
1.8926163911819458 0.7026981711387634 9.581595420837402
1.5885528326034546 0.7936778664588928 9.409213066101074
1.0977414846420288 0.8607155084609985 9.612719535827637
0.7338228225708008 0.8655039072036743 10.014945983886719
0.608127236366272 0.9205705523490906 10.066421508789062
0.395043283700943 0.7433996200561523 9.870096206665039
0.34596213698387146 0.6643909811973572 9.907206535339355
0.3818751573562622 0.828393816947937 9.882067680358887
