4.837484359741211 1.2952631711959839 8.121131896972656
5.027823448181152 1.256955862045288 8.89445972442627
5.2480902671813965 1.0977414846420288 9.036913871765137
5.20978307723999 0.9433154463768005 8.925583839416504
4.757278919219971 0.812831461429596 8.808267593383789
4.738125324249268 1.0271124839782715 8.313865661621094
4.924872875213623 1.1504138708114624 8.244433403015137
5.315127849578857 1.1899182796478271 8.374917984008789
5.521028995513916 1.1348515748977661 8.707711219787598
5.505466938018799 1.1468225717544556 8.87410831451416
5.130774021148682 1.191115379333496 9.141061782836914
4.933252811431885 1.256955862045288 9.009381294250488
2.3786394596099854 1.0821791887283325 9.02015495300293
1.1839327812194824 1.216254472732544 10.041281700134277
-0.5829881429672241 1.1982979774475098 9.759963035583496
-1.8830395936965942 0.8774749040603638 10.153809547424316
-3.535038709640503 0.690727174282074 9.23563289642334
-5.395333766937256 0.6584054827690125 8.3521728515625
