8.677783966064453 0.27892449498176575 6.074089527130127
6.3302693367004395 0.2561795711517334 7.01979923248291
5.22175407409668 0.585382342338562 8.453926086425781
3.3267433643341064 0.5590460896492004 9.526528358459473
0.6763619780540466 1.1815385818481445 9.155426979064941
-1.6412252187728882 1.2114660739898682 9.829395294189453
-3.6140475273132324 1.3563152551651 9.35893440246582
-5.146336555480957 1.2557587623596191 7.99064826965332
-6.785167694091797 1.0247182846069336 6.967126846313477
-7.281964302062988 0.9253589510917664 6.661866188049316
-7.623138427734375 0.9385270476341248 5.8837504386901855
-8.007407188415527 0.8319851160049438 5.69700288772583
-8.255207061767578 0.9900023937225342 5.106832027435303
