1.8698714971542358 1.0606313943862915 10.716446876525879
1.4760253429412842 0.9361328482627869 10.202890396118164
-0.37229835987091064 1.622071623802185 9.873687744140625
-1.768117904663086 1.577778935432434 8.99621295928955
-3.4572272300720215 1.768117904663086 8.828619003295898
-4.854243755340576 1.6292542219161987 8.112752914428711
-6.035782337188721 1.116895079612732 7.832630634307861
-7.016208171844482 1.0115501880645752 6.609193801879883
-8.069656372070312 0.9828197956085205 5.188235282897949
-8.446743965148926 0.8942343592643738 4.460397720336914
-8.738836288452148 0.9528923034667969 3.5470097064971924
