1.3527239561080933 2.40736985206604 9.583989143371582
0.9385270476341248 2.275688648223877 10.29865837097168
-1.5442601442337036 2.1092917919158936 9.232041358947754
-3.246537446975708 1.9764134883880615 8.99621295928955
-4.559757232666016 1.8183962106704712 8.189367294311523
-5.34744930267334 1.7130513191223145 8.094796180725098
-6.245275020599365 1.4257471561431885 7.56208610534668
-6.703764915466309 1.3048399686813354 6.797138690948486
-7.082048416137695 1.0594342947006226 6.144718647003174
-7.722497463226318 0.6404489278793335 6.1734490394592285
-7.914033889770508 0.49559974670410156 5.374982833862305
-8.337807655334473 -0.0933738648891449 5.287594318389893
-8.458714485168457 -0.39145198464393616 4.507084846496582
-9.036913871765137 -0.5901707410812378 3.6834793090820312
-9.136273384094238 -0.5506663918495178 3.535038709640503
-9.427168846130371 -0.706289529800415 2.161964178085327
-9.150638580322266 -0.8535329103469849 1.5622166395187378
