7.953537940979004 1.4736311435699463 5.875370979309082
6.7708024978637695 1.525106430053711 6.248866558074951
5.373785495758057 1.5837644338607788 8.313865661621094
3.81994891166687 1.6819267272949219 9.242815971374512
2.0015525817871094 1.702277421951294 9.153033256530762
1.215057373046875 1.766920804977417 10.29746150970459
-0.4321534037590027 1.9321208000183105 9.803058624267578
-2.185906171798706 1.9345149993896484 9.99339771270752
-3.44765043258667 1.7693150043487549 9.32541561126709
-5.191826343536377 1.53707754611969 8.627506256103516
-6.234501361846924 1.5598224401474 8.005013465881348
-6.542156219482422 1.1216834783554077 7.231686115264893
-7.514202117919922 0.6596025824546814 6.167463779449463
-8.323442459106445 0.52552729845047 5.669469833374023
-8.902838706970215 0.38905778527259827 4.234145641326904
