7.922413349151611 2.449268341064453 5.838260650634766
6.913257598876953 2.300827741622925 6.937199592590332
5.640739440917969 2.0889410972595215 7.869740962982178
4.19224739074707 2.456450939178467 9.141061782836914
2.559401512145996 2.4217350482940674 8.912415504455566
1.0271124839782715 2.369062662124634 9.81024169921875
-0.6739677786827087 2.3295583724975586 9.435548782348633
-2.1140801906585693 2.3056161403656006 9.045293807983398
-3.1519665718078613 2.273294448852539 9.153033256530762
-4.994304656982422 2.2589292526245117 7.915230751037598
-5.935225963592529 1.8914192914962769 7.648277282714844
-7.1490864753723145 1.7286136150360107 6.3697733879089355
-8.008605003356934 1.8806453943252563 4.991910457611084
-8.164227485656738 1.521515130996704 4.697423934936523
-8.683769226074219 1.599326729774475 3.5386300086975098
-8.99621295928955 1.40180504322052 3.427299737930298
