1.116895079612732 1.535880446434021 9.90241813659668
-0.05746084079146385 1.4293384552001953 9.706093788146973
-2.4372973442077637 1.3239935636520386 9.8784761428833
-4.0569748878479 1.1456254720687866 8.841787338256836
-5.349843502044678 0.9923965930938721 8.412027359008789
-5.646724700927734 1.0247182846069336 8.53652572631836
-5.817910194396973 1.0115501880645752 8.08402156829834
-5.900510311126709 1.0666168928146362 7.590816497802734
-5.925649166107178 0.910993754863739 7.462726593017578
-6.084863662719727 0.7781155705451965 7.623138427734375
-5.979518890380859 0.7625532150268555 7.8314337730407715
-5.9304375648498535 0.8092401623725891 8.29471206665039
-6.120776653289795 0.7960720658302307 8.450334548950195
-6.197391033172607 0.7733271718025208 8.044517517089844
-6.217741966247559 0.7876923680305481 7.829039573669434
-6.257246017456055 0.8367735147476196 7.223306655883789
-6.580463409423828 0.8619126081466675 6.870162010192871
-6.603208065032959 0.8918401598930359 6.962338447570801
