5.634753704071045 2.188300371170044 7.775169849395752
5.12000036239624 1.9273324012756348 8.40963363647461
3.5494039058685303 1.679532527923584 9.345766067504883
1.2042834758758545 1.53707754611969 9.883264541625977
-0.9133879542350769 1.6915035247802734 9.941922187805176
-2.3798365592956543 1.4927847385406494 9.3026704788208
-3.089717388153076 1.3706804513931274 8.93156909942627
-4.966771602630615 0.6153098344802856 8.525752067565918
-7.1023993492126465 0.43694180250167847 7.091625213623047
-7.81108283996582 0.15801730751991272 5.51504373550415
-8.939949035644531 -0.33518823981285095 4.0545806884765625
-9.062053680419922 -0.3387795388698578 3.0334534645080566
-9.637859344482422 -0.6596025824546814 1.9105730056762695
-9.680954933166504 -0.7757213711738586 0.6512228846549988
