8.808267593383789 1.2665326595306396 5.924452304840088
7.258022308349609 1.2545616626739502 6.539762020111084
6.161478042602539 1.092953085899353 7.576451301574707
3.9240965843200684 1.3850456476211548 9.117119789123535
3.2381577491760254 1.4676456451416016 9.385271072387695
1.0462661981582642 1.6843209266662598 9.684545516967773
-0.6847416758537292 1.4269442558288574 9.509769439697266
-3.307589530944824 1.9608511924743652 8.7268648147583
-4.531026840209961 1.6412252187728882 9.39245319366455
-5.352237701416016 1.3467384576797485 8.80587387084961
-6.2632317543029785 1.4963760375976562 8.134300231933594
-6.508637428283691 1.581370234489441 6.143521785736084
-6.9491705894470215 1.6938977241516113 7.073668956756592
-7.133523941040039 1.8830395936965942 5.827486991882324
-8.220491409301758 1.436521053314209 5.804741859436035
-8.42040729522705 1.2246341705322266 5.079298973083496
-8.792705535888672 1.256955862045288 3.801992416381836
-8.995016098022461 1.0546458959579468 2.6659436225891113
