6.030993938446045 1.5825673341751099 8.49941635131836
4.593276023864746 1.4652514457702637 8.927978515625
3.584120035171509 1.5957354307174683 8.901641845703125
2.7090392112731934 1.8124107122421265 9.90241813659668
0.44532153010368347 1.9488801956176758 9.27034854888916
-0.4800374507904053 1.8602946996688843 9.825803756713867
-1.6148890256881714 2.074575662612915 9.684545516967773
-2.7437551021575928 1.9991583824157715 9.345766067504883
-3.287238836288452 2.029085874557495 9.097966194152832
-4.23893404006958 1.8614917993545532 8.186972618103027
-5.251681327819824 1.8255788087844849 8.609549522399902
-6.344634532928467 1.6328455209732056 7.329848289489746
-6.424840450286865 1.4772224426269531 7.943961143493652
-7.46033239364624 1.45806884765625 6.421248912811279
-7.91163969039917 1.4736311435699463 5.318718910217285
-8.254010200500488 1.1121066808700562 5.270834922790527
-8.609549522399902 1.095347285270691 3.9588124752044678
-8.695740699768066 1.0905588865280151 4.089296340942383
