1.1037269830703735 2.120065689086914 10.14902114868164
-0.37469255924224854 1.8291701078414917 9.743204116821289
-2.142810583114624 2.2385785579681396 9.372102737426758
-3.177105665206909 2.0242974758148193 9.331400871276855
-4.20541524887085 1.9273324012756348 8.481459617614746
-5.287594318389893 1.7621324062347412 7.857769966125488
-6.1530985832214355 1.3323732614517212 7.667430877685547
-6.768408298492432 1.1743559837341309 7.225700855255127
-7.1023993492126465 1.0007762908935547 6.143521785736084
-8.452729225158691 1.0845733880996704 4.918887615203857
-8.842984199523926 0.9145850539207458 3.6176388263702393
-9.222464561462402 0.5770025849342346 2.7760767936706543
