6.246472358703613 1.5658079385757446 7.665036678314209
4.576516628265381 1.6304513216018677 8.645462036132812
2.5474305152893066 1.315613865852356 9.4822359085083
1.138442873954773 1.40180504322052 9.853337287902832
-0.9720458984375 1.314416766166687 9.959878921508789
-2.8155810832977295 1.4053963422775269 9.19972038269043
-4.290409564971924 1.4425065517425537 9.10874080657959
-6.068104267120361 1.2964602708816528 7.7201032638549805
-6.563704013824463 1.358709454536438 7.262810707092285
-7.370550155639648 1.0534487962722778 6.354211330413818
-8.148665428161621 0.7194576263427734 5.297171115875244
-8.74721622467041 0.9026140570640564 3.9193081855773926
-9.3828763961792 0.6428431272506714 3.37941575050354
-9.47265911102295 0.7218518257141113 1.6124948263168335
