4.801571369171143 1.944091796875 8.364143371582031
5.043385982513428 1.7393875122070312 8.831012725830078
3.8941690921783447 1.7621324062347412 8.71489429473877
2.1727380752563477 1.7920600175857544 9.378087997436523
0.7410054206848145 1.7286136150360107 9.569623947143555
-0.4225766062736511 1.6699557304382324 9.66299819946289
-1.4772224426269531 1.9584569931030273 9.66419506072998
-3.023876667022705 1.8710685968399048 9.384073257446289
-4.310760021209717 1.7477672100067139 8.637083053588867
-5.943605899810791 1.5861586332321167 7.448361396789551
-6.370970726013184 1.4496891498565674 7.274781703948975
-6.921637058258057 1.5837644338607788 5.814318656921387
-7.928399085998535 1.092953085899353 5.932831764221191
-8.517372131347656 0.9768342971801758 4.045003890991211
-9.281123161315918 0.7984662652015686 3.199850559234619
-9.168595314025879 0.6476315855979919 2.850297212600708
-9.53969669342041 0.36152446269989014 2.0003554821014404
