0.3998316824436188 2.981978178024292 9.330204010009766
-0.2801215946674347 2.6180596351623535 9.679757118225098
-0.7852981686592102 2.4420857429504395 10.091560363769531
-1.7381904125213623 2.387019157409668 9.35893440246582
-3.3877954483032227 1.6400281190872192 9.211690902709961
-4.772840976715088 0.8451532125473022 9.148244857788086
-6.518214225769043 0.9971849918365479 6.981492042541504
-7.501033782958984 0.6775590777397156 5.954379558563232
-8.404845237731934 0.3256114423274994 5.084087371826172
-8.84058952331543 0.4405331015586853 3.599682331085205
-9.21288776397705 0.31842881441116333 3.161543369293213
-9.396044731140137 0.34835633635520935 1.7621324062347412
