9.17817211151123 1.0534487962722778 3.8714241981506348
8.135497093200684 1.2832920551300049 6.0202202796936035
5.547365188598633 1.3443442583084106 8.045714378356934
4.010287761688232 1.6376339197158813 9.11233139038086
2.7557260990142822 1.6292542219161987 9.181763648986816
1.557428240776062 1.6136919260025024 9.670180320739746
0.36750996112823486 1.4089876413345337 9.982624053955078
-1.942894697189331 1.0893617868423462 9.727641105651855
-3.670311212539673 1.0450690984725952 9.024943351745605
-4.513070106506348 0.9528923034667969 8.422801971435547
-5.57250452041626 0.7757213711738586 8.300697326660156
-6.13753604888916 0.768538773059845 8.020575523376465
-6.349422931671143 0.9923965930938721 7.127538681030273
