0.13287819921970367 -0.8092401623725891 10.663774490356445
-0.7362170219421387 -0.811634361743927 10.254365921020508
-1.7477672100067139 -0.4225766062736511 9.862914085388184
-4.24970817565918 -0.19033902883529663 8.902838706970215
-5.505466938018799 -0.023942016065120697 8.143877029418945
-6.567295074462891 -0.09935937076807022 7.219715118408203
-7.5213847160339355 -0.14604631066322327 6.118382453918457
-8.291120529174805 -0.32202014327049255 5.506663799285889
-8.728062629699707 -0.2561795711517334 4.223371982574463
-9.167398452758789 -0.4189853072166443 3.6942532062530518
-9.040505409240723 -0.26815059781074524 3.2345664501190186
-9.430760383605957 -0.35075053572654724 2.22660756111145
-9.621099472045898 -0.45489832758903503 1.0785878896713257
