5.449203014373779 1.6077064275741577 8.803479194641113
3.7636849880218506 1.358709454536438 9.512163162231445
1.8160020112991333 1.3239935636520386 9.891644477844238
0.16519992053508759 1.1049240827560425 9.708487510681152
-1.745373010635376 1.2246341705322266 9.896432876586914
-2.8634653091430664 1.1468225717544556 9.491812705993652
-4.32871675491333 1.1647791862487793 8.65863037109375
-5.857414245605469 1.1540051698684692 7.226897716522217
-5.914875507354736 1.1767501831054688 7.406463146209717
-5.870582580566406 1.2006921768188477 7.615955829620361
-6.0190229415893555 1.0869675874710083 7.717709064483643
-6.077681064605713 0.9816226959228516 7.758410453796387
-6.053739070892334 0.9421183466911316 7.95832633972168
-6.197391033172607 0.9481038451194763 8.066065788269043
-6.172252178192139 0.9828197956085205 8.034940719604492
-6.205770969390869 0.9516952037811279 7.722497463226318
-6.244078159332275 1.015141487121582 7.534552574157715
-6.435614109039307 0.9229647517204285 7.117961883544922
