6.661866188049316 3.2082302570343018 7.5453267097473145
6.278793811798096 3.1280245780944824 6.354211330413818
6.088454723358154 3.247734546661377 6.084863662719727
6.361393928527832 3.3865983486175537 6.897695064544678
6.3482255935668945 3.485957622528076 7.468712329864502
6.1315507888793945 3.487154722213745 7.736862659454346
5.791574001312256 3.227383852005005 7.987056732177734
5.4025163650512695 2.964021682739258 8.336610794067383
4.99550199508667 2.8335378170013428 8.152256965637207
4.598064422607422 2.8574798107147217 8.280346870422363
4.412513732910156 2.8598740100860596 8.734047889709473
4.225766181945801 2.7257986068725586 8.942343711853027
3.907337188720703 2.646790027618408 8.792705535888672
3.58292293548584 2.7461493015289307 8.78312873840332
3.31118106842041 2.7964274883270264 8.842984199523926
3.044227361679077 2.652775526046753 9.012971878051758
2.8419175148010254 2.5306711196899414 9.249998092651367
2.40736985206604 2.3953988552093506 9.26915168762207
