6.798335552215576 3.4596214294433594 5.912481307983398
6.813898086547852 3.4380736351013184 5.938817501068115
6.892906665802002 3.4763808250427246 6.206967830657959
6.977900981903076 3.4368765354156494 6.581660270690918
6.841431140899658 3.404554843902588 6.645106792449951
6.821080684661865 3.406949043273926 6.3733649253845215
6.874950408935547 3.4560301303863525 6.411672115325928
6.877344608306885 3.339911460876465 6.432023048400879
6.93959379196167 3.2800562381744385 6.133944988250732
6.897695064544678 3.3686418533325195 6.1949968338012695
6.88332986831665 3.3937809467315674 6.528987884521484
6.8809356689453125 3.317166566848755 7.025784969329834
6.983886241912842 3.179499864578247 6.9060750007629395
7.101202011108398 3.2620997428894043 6.587646007537842
7.205349922180176 3.465606927871704 6.432023048400879
7.196970462799072 3.600879430770874 6.5493388175964355
6.98628044128418 3.5924997329711914 6.6630635261535645
6.692990779876709 3.397372245788574 6.599617004394531
