4.0749311447143555 4.225766181945801 8.172607421875
3.7840356826782227 4.271255970001221 7.858967304229736
3.8762125968933105 4.299986362457275 8.13789176940918
4.262876033782959 4.437653064727783 8.513781547546387
4.548983097076416 4.521450042724609 8.300697326660156
4.639962673187256 4.63397741317749 7.9631147384643555
4.572925090789795 4.624400615692139 7.783549785614014
4.523844242095947 4.551377296447754 8.210914611816406
4.32871675491333 4.359841346740723 8.396465301513672
3.975571870803833 4.252102375030518 8.109161376953125
3.7672762870788574 4.355052947998047 7.8062944412231445
4.035427093505859 4.417302131652832 7.91163969039917
4.624400615692139 4.479551315307617 8.099584579467773
4.95120906829834 4.495113849639893 7.704541206359863
4.563348293304443 4.2975921630859375 7.502231121063232
4.156333923339844 4.045003890991211 8.021772384643555
3.883395195007324 3.86543869972229 8.574832916259766
3.8953661918640137 3.8522706031799316 8.617929458618164
