6.302735805511475 2.6839001178741455 6.892906665802002
6.289567947387695 2.6024973392486572 7.483077526092529
4.606443881988525 1.6615760326385498 8.489839553833008
3.001131772994995 1.7693150043487549 9.311050415039062
1.4173674583435059 1.9560627937316895 9.558850288391113
-0.15921440720558167 2.072181463241577 9.682151794433594
-1.5263035297393799 2.1284453868865967 9.459490776062012
-2.585737943649292 2.1535844802856445 9.254786491394043
-3.8546648025512695 2.029085874557495 8.992621421813965
-5.0469770431518555 2.029085874557495 8.216899871826172
-6.40927791595459 1.802833914756775 7.061697959899902
-7.920019149780273 1.357512354850769 5.261258125305176
-8.981847763061523 0.8271966576576233 3.4308910369873047
