7.73207426071167 2.337938070297241 6.466738700866699
7.190984725952148 2.3750481605529785 6.640318393707275
6.011840343475342 2.363077163696289 8.99621295928955
4.303577423095703 2.033874273300171 8.431180953979492
2.8658595085144043 1.968033790588379 9.47265911102295
1.844732403755188 1.9931728839874268 9.588777542114258
0.09696517139673233 2.1284453868865967 9.478644371032715
-1.479616641998291 2.212242364883423 9.399636268615723
-2.8167781829833984 2.383427858352661 9.08838939666748
-4.806359767913818 2.3523032665252686 7.73207426071167
-6.909666061401367 1.6687586307525635 6.7277069091796875
-8.182184219360352 1.2413935661315918 5.080495834350586
-8.948328971862793 0.99479079246521 2.9915549755096436
