4.759673118591309 1.2306196689605713 8.89685344696045
3.2812533378601074 1.1767501831054688 9.516951560974121
1.0977414846420288 0.8750807046890259 9.860519409179688
-0.7541735172271729 1.1480196714401245 9.884461402893066
-2.191891670227051 1.1336544752120972 9.481039047241211
-3.554192304611206 1.2653355598449707 9.247604370117188
-4.484339714050293 1.3479355573654175 8.844181060791016
-5.163095951080322 1.4197616577148438 8.334216117858887
-6.206967830657959 1.3754688501358032 7.042544364929199
-7.347805023193359 1.0857704877853394 6.248866558074951
-8.558073997497559 0.7481880187988281 4.969165802001953
-8.835801124572754 0.4165911078453064 3.9252936840057373
