5.829881191253662 1.5119383335113525 8.109161376953125
5.155913352966309 1.3060370683670044 8.380903244018555
3.685873508453369 0.8774749040603638 8.80587387084961
2.652775526046753 1.2066776752471924 9.680954933166504
1.0905588865280151 1.313219666481018 9.955090522766113
-0.1951274424791336 1.742978811264038 9.41759204864502
-1.522712230682373 1.9153614044189453 9.532513618469238
-2.477998733520508 2.2673089504241943 9.169792175292969
-3.3710360527038574 2.3535003662109375 8.743624687194824
-4.182670593261719 2.448071241378784 8.4108304977417
-4.9380412101745605 2.586935043334961 7.902062892913818
-5.791574001312256 2.4672248363494873 7.493851184844971
-6.4631476402282715 2.3750481605529785 6.646304130554199
-7.90086555480957 1.7585411071777344 5.595249176025391
