5.246892929077148 1.845929503440857 8.505401611328125
4.216189384460449 1.7118542194366455 8.435969352722168
2.5007436275482178 1.4496891498565674 9.030928611755371
1.1552022695541382 1.6927006244659424 9.767146110534668
-0.3866635859012604 1.8974047899246216 9.709685325622559
-1.3994108438491821 2.164358377456665 9.355342864990234
-2.051830768585205 2.432508945465088 9.364919662475586
-2.9293057918548584 2.691082715988159 8.901641845703125
-4.380191802978516 2.3774423599243164 8.267178535461426
-5.143942356109619 2.4899697303771973 8.105569839477539
-5.907692909240723 2.4660277366638184 7.51659631729126
-6.958747386932373 2.4013843536376953 6.162675380706787
-7.6111674308776855 1.9620482921600342 5.56173038482666
-8.637083053588867 1.3431471586227417 3.309983968734741
