3.8714241981506348 1.6508020162582397 8.774748802185059
3.642777919769287 1.3946224451065063 9.769539833068848
2.0901381969451904 1.5167267322540283 10.24119758605957
0.4644751250743866 1.7537527084350586 9.75397777557373
-0.4728548228740692 2.1092917919158936 9.429563522338867
-1.7489643096923828 2.2469582557678223 9.622296333312988
-3.5398271083831787 2.207453966140747 8.811859130859375
-4.541800498962402 2.229001760482788 8.043320655822754
-5.869385242462158 2.0398597717285156 8.02416706085205
-6.825869083404541 2.292448043823242 6.011840343475342
-8.052897453308105 1.7345991134643555 5.116408824920654
-8.71609115600586 1.6208745241165161 3.184288263320923
