6.302735805511475 -0.4034229815006256 7.969100475311279
5.929240703582764 -0.3555389642715454 8.774748802185059
5.099649429321289 -0.5279214978218079 8.916007041931152
4.545392036437988 -0.4836287498474121 8.852560997009277
3.3674447536468506 -0.5386953949928284 9.469067573547363
2.7545289993286133 -0.5770025849342346 9.065644264221191
2.033874273300171 -0.4345476031303406 9.634267807006836
2.0374655723571777 -0.08379705995321274 10.33217716217041
0.3878606855869293 -0.23104046285152435 9.757569313049316
-0.38905778527259827 -0.004788403399288654 9.481039047241211
-1.3934253454208374 0.10175357013940811 9.66419506072998
-1.699883222579956 0.22625206410884857 9.787496566772461
-2.3535003662109375 0.15442600846290588 9.624691009521484
-3.1100680828094482 0.2585737705230713 9.733627319335938
-3.4727895259857178 0.22266076505184174 7.959523677825928
-4.495113849639893 0.25977087020874023 9.399636268615723
-5.428852558135986 0.19153612852096558 8.35456657409668
