6.708553314208984 -0.365115761756897 7.750030994415283
5.310339450836182 -0.181959331035614 9.228450775146484
5.0290207862854 -0.37229835987091064 8.795100212097168
3.6104562282562256 -0.4213795065879822 8.801085472106934
2.182314872741699 -0.33039984107017517 9.708487510681152
1.1037269830703735 -0.44532153010368347 9.932345390319824
0.0933738648891449 -0.41539400815963745 9.841365814208984
-0.6655880808830261 -0.35434186458587646 9.989806175231934
-1.745373010635376 -0.23942017555236816 10.303446769714355
-2.433706045150757 -0.2861070930957794 9.570821762084961
-2.7676970958709717 0.002394201699644327 9.391256332397461
-3.9001545906066895 -0.021547814831137657 9.17577838897705
-4.420893669128418 0.1388636976480484 9.08838939666748
-5.238513469696045 0.1388636976480484 8.380903244018555
-5.7305216789245605 0.4034229815006256 8.238448143005371
-6.636727333068848 0.40462008118629456 6.8809356689453125
-7.202955722808838 0.5973533391952515 6.831854343414307
