7.904457092285156 -1.0845733880996704 7.63989782333374
7.017405033111572 -1.0438719987869263 6.5493388175964355
7.156269073486328 -0.9397241473197937 6.975506782531738
7.042544364929199 -0.8954314589500427 7.485471725463867
6.439205646514893 -0.5734112858772278 8.04691219329834
5.701791286468506 -0.4692635238170624 7.527369976043701
5.024232387542725 -0.36990416049957275 8.304288864135742
3.183091163635254 -0.24420857429504395 9.439140319824219
2.7497406005859375 -0.5315127968788147 10.041281700134277
1.478419542312622 -0.5889736413955688 9.497797966003418
0.39145198464393616 -0.10534487664699554 10.290278434753418
-0.973242998123169 -0.2861070930957794 9.070432662963867
-1.7142484188079834 -0.31842881441116333 10.548852920532227
-2.5785553455352783 -0.32680854201316833 9.736021041870117
-3.3506853580474854 -0.16519992053508759 9.05367374420166
-4.176684856414795 0.08379705995321274 9.17936897277832
-4.58968448638916 0.02992752194404602 8.273163795471191
