8.914810180664062 -1.844732403755188 4.428076267242432
8.547300338745117 -1.6867151260375977 5.720944881439209
8.289923667907715 -1.7154455184936523 5.816712856292725
8.075642585754395 -1.5382746458053589 6.947973251342773
7.025784969329834 -1.4724340438842773 6.989871978759766
6.2632317543029785 -1.290474772453308 7.262810707092285
5.700594425201416 -0.9014169573783875 8.572439193725586
4.60165548324585 -0.6548141837120056 8.556877136230469
3.069366693496704 -0.4920084476470947 8.69095230102539
2.120065689086914 -0.3363853394985199 10.36569595336914
0.9624691009521484 -0.5386953949928284 9.697713851928711
-0.1759738177061081 -0.2082955539226532 9.819818496704102
-0.9648633003234863 0.026336219161748886 10.251971244812012
-1.5861586332321167 0.04668693244457245 9.610325813293457
-2.5019407272338867 0.2106897532939911 9.510966300964355
-3.4368765354156494 0.4345476031303406 9.871294021606445
-4.126406669616699 0.21188685297966003 9.072827339172363
