5.931634902954102 -0.46806642413139343 8.573636054992676
5.415684223175049 -0.45489832758903503 9.390059471130371
4.246116638183594 -0.32202014327049255 9.160215377807617
3.116053581237793 -0.7398083209991455 9.648633003234863
1.844732403755188 -0.5997475385665894 9.387664794921875
-0.17238251864910126 -0.7493851184844971 10.15141487121582
-0.7613561153411865 -0.5961562395095825 9.858125686645508
-2.0829553604125977 -0.547075092792511 9.578003883361816
-3.1759085655212402 -0.5650315880775452 9.138668060302734
-3.7888240814208984 -0.2190694510936737 9.14225959777832
-4.411316394805908 -0.30885201692581177 9.01895809173584
-4.886565685272217 -0.3100491166114807 8.559270858764648
-5.626373767852783 -0.333991140127182 8.251616477966309
-5.906495571136475 -0.21667525172233582 7.833827972412109
-6.412869453430176 -0.07302315533161163 7.3202714920043945
-6.810306549072266 0.15083470940589905 6.666654586791992
-7.316680431365967 0.20350714027881622 6.4631476402282715
