5.079298973083496 -2.051830768585205 9.044096946716309
4.073734283447266 -2.270900249481201 9.23443603515625
2.693476915359497 -2.36188006401062 9.05606746673584
1.0749965906143188 -2.981978178024292 10.092757225036621
-0.45010992884635925 -2.7664999961853027 9.205705642700195
-2.3247697353363037 -3.202244758605957 8.955511093139648
-3.0095114707946777 -3.1471781730651855 8.864531517028809
-4.052186489105225 -2.9532477855682373 8.916007041931152
-4.934449672698975 -2.5785553455352783 8.775946617126465
-6.022614479064941 -2.360682964324951 7.7763671875
-6.016628742218018 -2.2697031497955322 7.951143741607666
-6.8593878746032715 -2.0386626720428467 7.202955722808838
-6.815094947814941 -1.7956513166427612 7.139509677886963
-7.06528902053833 -1.3335703611373901 7.009025573730469
-7.411251544952393 -0.7254431247711182 6.032191276550293
-7.363367557525635 0.1173158809542656 6.49906063079834
-8.022970199584961 0.7721300721168518 4.67827033996582
