3.2345664501190186 0.3818751573562622 9.798270225524902
2.491166830062866 0.2849099934101105 10.718840599060059
1.456871747970581 -0.22385786473751068 10.253169059753418
0.3531447649002075 0.1759738177061081 9.41519832611084
-1.1085153818130493 0.17477671802043915 9.908403396606445
-2.1296424865722656 0.243011474609375 9.771934509277344
-2.80361008644104 0.7589619159698486 9.165003776550293
-3.5960910320281982 0.8607155084609985 9.246406555175781
-4.121618270874023 1.0773907899856567 8.979453086853027
-4.259284973144531 1.1097124814987183 8.811859130859375
-4.926070213317871 1.2413935661315918 8.070854187011719
-5.310339450836182 1.4077905416488647 7.552509307861328
-6.166266441345215 1.3096283674240112 7.756016254425049
-6.496666431427002 1.3946224451065063 6.670246124267578
-7.682993412017822 1.2832920551300049 6.404489517211914
-8.125920295715332 1.1791443824768066 5.227739334106445
-8.921992301940918 0.9373299479484558 3.755305290222168
