5.2480902671813965 0.29209262132644653 9.362525939941406
4.760869979858398 0.2190694510936737 8.917203903198242
4.199429988861084 0.2106897532939911 8.652645111083984
4.514267444610596 0.4082113802433014 9.622296333312988
3.9157168865203857 0.3794809579849243 9.765948295593262
3.3889925479888916 0.4189853072166443 9.331400871276855
2.455253839492798 0.5446808934211731 9.570821762084961
1.7884687185287476 0.7374141216278076 9.62947940826416
0.6057330369949341 1.1013327836990356 9.696516990661621
-0.1843535304069519 1.1336544752120972 9.44991397857666
-0.6153098344802856 1.1851298809051514 9.708487510681152
-1.0438719987869263 1.5825673341751099 10.260351181030273
-2.007538080215454 1.6148890256881714 9.148244857788086
-2.608482837677002 1.5610195398330688 9.273940086364746
-3.3458969593048096 1.5263035297393799 9.241618156433105
-3.796006679534912 1.6136919260025024 9.132682800292969
-4.377797603607178 1.5849615335464478 8.89685344696045
-4.4532151222229 1.8064252138137817 8.498218536376953
