3.5865142345428467 0.5758054852485657 10.468647003173828
3.3877954483032227 0.7086837291717529 9.544485092163086
2.3271639347076416 0.28371289372444153 9.962273597717285
1.7322049140930176 0.44412440061569214 9.822212219238281
0.41539400815963745 0.017956512048840523 9.932345390319824
0.061052143573760986 0.2669534981250763 9.334992408752441
-0.6021417379379272 0.37229835987091064 10.131064414978027
-0.9828197956085205 0.19153612852096558 9.965864181518555
-1.4460978507995605 0.23343466222286224 9.93474006652832
-2.055422067642212 0.1951274424791336 9.920374870300293
-2.853888511657715 0.5530605912208557 9.615114212036133
-3.4165258407592773 0.4812345504760742 8.918401718139648
-4.015076160430908 0.7649474143981934 9.3828763961792
-4.797980308532715 0.8403648138046265 7.920019149780273
-5.103240966796875 1.0223240852355957 8.252813339233398
-5.546168327331543 1.170764684677124 8.08043098449707
-6.065710067749023 1.237802267074585 7.416039943695068
