6.609193801879883 0.30526071786880493 8.003816604614258
6.147112846374512 0.42856210470199585 7.411251544952393
5.971138954162598 0.22864626348018646 7.86734676361084
5.822698593139648 0.39145198464393616 8.525752067565918
4.999093055725098 0.19153612852096558 8.38808536529541
4.557363033294678 -0.06823474913835526 9.124302864074707
3.909731388092041 -0.25737667083740234 9.424775123596191
3.4847605228424072 0.19871874153614044 9.827000617980957
2.6671407222747803 0.07422025501728058 9.805453300476074
1.3623007535934448 0.23343466222286224 10.15141487121582
0.6596025824546814 0.32441434264183044 9.132682800292969
-0.05147533491253853 0.6823474764823914 9.767146110534668
-0.6260837316513062 0.7362170219421387 9.848548889160156
-1.7764976024627686 0.9349357485771179 9.917980194091797
-2.0901381969451904 0.9840168952941895 9.59715747833252
-2.7437551021575928 1.169567584991455 9.786299705505371
-3.494337320327759 1.380257248878479 9.184157371520996
