-1.3678894 0.7102814 9.758774 0:00:001
-1.5626068 0.66719055 9.501785 0:00:066
-1.6009216 0.702301 10.020538 0:00:126
-1.8818512 0.72943115 9.996597 0:00:187
-2.0510406 0.8044586 9.2799225 0:00:247
-2.8012085 0.8092346 8.850555 0:00:307
-3.1204376 1.0710144 8.674988 0:00:367
-3.8849945 1.0343018 9.391647 0:00:427
-4.8330994 0.47885132 8.678177 0:00:488
-5.347046 0.5123596 8.245636 0:00:548
-5.639145 0.6623993 7.5752563 0:00:608
-6.362198 0.5410919 7.406067 0:00:668
-6.7883606 0.64323425 6.427643 0:00:728
-7.3246613 0.5714264 6.2648315 0:00:789
-7.750824 0.5474701 6.1036224 0:00:849
-7.9423676 0.46287537 6.0429688 0:00:910
-8.149857 0.5139618 5.0693207 0:00:969
-7.8561707 0.80444336 5.934433 0:01:029
