-0.588974 0.58258057 9.661407 0:00:050
-0.53630066 0.5426941 9.694916 0:00:111
-0.46128845 0.5698242 9.677368 0:00:170
-0.49320984 0.5299225 9.686935 0:00:231
-0.49160767 0.4437256 9.746002 0:00:293
-0.71665955 0.499588 9.723648 0:00:351
-1.0374908 0.71188354 9.544891 0:00:412
-1.1859283 0.59536743 9.677368 0:00:471
-0.8507385 0.45809937 9.753983 0:00:532
-1.0741882 0.5251312 9.661407 0:00:591
-1.3758698 0.47564697 9.846558 0:00:652
-1.6280518 0.49320984 9.916779 0:00:713
-2.5123138 0.6623993 9.519348 0:00:773
-3.1443787 0.7661438 8.989426 0:00:832
-4.1707 0.84754944 8.279144 0:00:893
-4.266464 1.0534515 8.582413 0:00:953
-5.185837 0.5155487 8.69574 0:01:014
-5.410904 0.64164734 7.886505 0:01:074
-5.8115234 0.8092346 7.642288 0:01:134
-6.02861 0.31922913 8.079636 0:01:194
-6.1068115 0.6193085 7.528961 0:01:254
-6.485092 0.83158875 7.1969757 0:01:314
-6.341446 0.77253723 7.0836487 0:01:375
-6.781967 0.87467957 7.136322 0:01:434
-7.0724792 0.90979004 7.2815704 0:01:495
-6.8777466 1.019928 7.0102234 0:01:555
-7.297531 1.4125824 7.1027985 0:01:615
-7.244858 1.7605286 6.524994 0:01:675
-7.302307 1.9792023 6.710144 0:01:736
-7.1650543 2.3926086 6.997452 0:01:796
-6.914459 2.9576416 6.459549 0:01:856
-6.2360992 3.533844 6.006256 0:01:917
-5.5146484 3.789215 6.411667 0:01:977
-4.896942 4.2473145 5.283203 0:02:037
-5.506668 4.311157 6.4898834 0:02:097
-5.8610077 4.392563 6.5441437 0:02:157
-6.054138 4.330307 6.6016083 0:02:217
-5.985504 4.3638306 5.8594055 0:02:278
-6.416458 4.4260864 5.8498383 0:02:338
-6.208954 4.287216 6.054138 0:02:398
-6.1993866 4.1579285 6.2360992 0:02:458
-6.2440796 4.266464 5.955185 0:02:518
-6.5409546 4.298401 6.156296 0:02:579
-6.4435883 4.2281647 5.88974 0:02:639
-6.8091125 4.3175354 5.688614 0:02:699
