-1.2082672 0.36231995 9.746002 0:00:046
-1.0007782 0.4277649 10.065216 0:00:108
-1.1603851 0.43893433 10.07959 0:00:168
-1.0933533 0.5506592 9.998184 0:00:228
-1.4269409 0.59695435 10.234421 0:00:288
-1.7860718 0.75497437 9.564041 0:00:348
-2.4851837 0.79167175 9.5720215 0:00:409
-2.9305115 0.8523407 9.230438 0:00:469
-3.5274658 0.881073 9.136276 0:00:529
-4.0908966 0.9417114 8.839386 0:00:589
-4.7676544 0.7661438 8.161041 0:00:650
-5.4922943 0.6049347 7.642288 0:00:710
-5.9487915 0.55545044 7.200165 0:00:770
-6.564911 0.5570526 6.7261047 0:00:830
-6.842636 0.4437256 6.6287537 0:00:890
-7.6247406 0.18515015 6.4435883 0:00:951
-7.6901703 0.4086151 5.932831 0:01:011
-8.223282 0.6352539 5.1379547 0:01:071
-8.317459 0.83477783 4.7740326 0:01:132
-8.336609 0.95448303 4.464386 0:01:192
-9.010178 0.5474701 4.5410004 0:01:252
-9.18895 0.2186737 3.1427917 0:01:312
-9.115524 0.46606445 2.3670654 0:01:372
-9.289505 0.45010376 1.9887848 0:01:432
-9.543289 0.5331116 1.0135498 0:01:493
