-0.8587189 0.999176 9.533707 0:00:007
-0.89224243 0.8826599 9.618301 0:00:066
-0.8666992 0.8076477 9.647034 0:00:127
-0.8874512 0.67836 9.332596 0:00:187
-0.8251953 0.40382385 9.637466 0:00:247
-0.8012543 0.28730774 9.391663 0:00:307
-0.8299866 0.035110474 9.535309 0:00:368
-0.5538635 -0.12768555 9.694931 0:00:428
-0.8507385 -0.6512146 9.723648 0:00:488
-0.77412415 -1.0183411 9.55925 0:00:549
-0.83477783 -1.3263855 9.544876 0:00:609
-0.60972595 -1.540268 9.647034 0:00:669
-0.6639862 -1.8898163 9.801865 0:00:729
-0.56344604 -2.0670013 9.158615 0:00:789
-0.83477783 -2.5266876 9.171387 0:00:850
-0.8379669 -2.9512482 9.211288 0:00:910
-0.5953522 -3.3167725 9.294296 0:00:970
-1.0869751 -3.8817902 9.576813 0:01:030
-1.0726013 -4.153137 8.370132 0:01:091
-1.3998108 -4.397339 8.884079 0:01:151
-1.1428375 -4.5825043 8.5074005 0:01:211
-1.157196 -4.73732 9.144257 0:01:271
-1.3519287 -4.9113007 8.497818 0:01:331
-1.3662872 -4.8203278 8.19455 0:01:391
