1.27211 4.986328 8.437164 0:00:010
0.86032104 4.9017334 8.275955 0:00:070
0.9911957 4.826706 8.135498 0:00:130
0.68315125 4.8777924 8.153061 0:00:191
0.6304779 4.7884064 8.070053 0:00:250
0.94810486 4.465988 8.8042755 0:00:310
0.8826599 4.30159 8.244034 0:00:370
0.7948761 4.1100464 8.903244 0:00:431
0.59376526 4.011093 8.674988 0:00:491
0.87786865 3.7285614 9.086792 0:00:552
0.3383789 3.6966553 9.105942 0:00:611
0.39105225 3.4715881 9.129883 0:00:672
0.28730774 3.46521 8.633499 0:00:733
0.07661438 3.2784576 8.831406 0:00:792
0.1899414 2.9879608 8.978256 0:00:853
0.33358765 2.537857 9.319824 0:00:913
0.3256073 2.242569 9.391663 0:00:973
0.051071167 1.7030792 9.575211 0:01:033
-0.1308899 1.3455353 10.342957 0:01:093
-0.08140564 0.9736481 9.755569 0:01:153
-0.23782349 0.78689575 9.543289 0:01:214
-0.4852295 0.5586395 9.5273285 0:01:274
-0.62727356 0.20750427 9.503387 0:01:334
-0.52033997 -0.11651611 9.386871 0:01:394
-0.4437256 -0.55545044 9.501785 0:01:455
-0.5027771 -0.7629547 9.487427 0:01:515
-0.5283203 -1.2944641 9.149048 0:01:575
-0.3830719 -2.0925293 10.228027 0:01:635
-0.43414307 -2.4835815 9.662994 0:01:695
-0.22825623 -2.719818 10.006165 0:01:755
-0.030319214 -2.700653 9.514557 0:01:816
-0.77412415 -2.58255 9.576813 0:01:876
-0.6017456 -2.7533417 9.490616 0:01:936
-0.5825958 -2.8778229 9.498596 0:01:996
-0.66400146 -2.9496613 9.370911 0:02:057
-0.47883606 -2.8235626 9.445923 0:02:117
-0.4820404 -2.7054443 8.984634 0:02:177
-0.6927185 -2.6990662 9.278336 0:02:237
-0.61450195 -2.9592285 9.299088 0:02:297
-0.588974 -3.0549927 9.504974 0:02:358
-0.9241638 -2.8203735 9.53212 0:02:418
-0.7102814 -2.7597198 8.805878 0:02:477
-0.56822205 -2.8618774 9.528931 0:02:538
