-0.54907227 4.4260864 8.521759 0:00:018
-0.56822205 4.4053345 8.778748 0:00:078
-0.56822205 4.284027 8.1658325 0:00:138
-0.5123596 4.060562 8.231262 0:00:199
-0.6081238 3.5833282 8.51857 0:00:259
-0.40063477 3.104477 9.656616 0:00:319
-0.6623993 2.6016998 9.533707 0:00:380
-0.74858093 2.3814392 9.3741 0:00:440
-0.8267975 2.043045 9.160217 0:00:500
-0.4820404 1.8977966 9.00061 0:00:560
-0.87467957 1.3886414 9.418793 0:00:620
-0.8267975 1.0039673 8.959106 0:00:681
-0.69750977 0.53471375 9.621506 0:00:741
-0.74220276 -0.08459473 9.784302 0:00:801
-0.83317566 -0.8331909 9.758774 0:00:861
-1.0358887 -1.5945435 9.514557 0:00:921
-1.1763458 -2.2234192 9.916779 0:00:981
-1.109314 -2.4660187 9.568832 0:01:042
-1.2609406 -2.8427124 9.447525 0:01:102
-1.5338898 -3.3247528 9.463486 0:01:162
-1.6615753 -3.5162811 9.193741 0:01:222
-1.8578949 -3.7956085 8.761185 0:01:282
