-1.4429016 5.9184723 7.2911377 0:00:040
-0.87467957 6.2919617 7.7875366 0:00:100
-0.93214417 6.116379 7.340622 0:00:161
-1.1252747 5.8977203 7.244858 0:00:221
-0.9528961 5.827484 7.2592163 0:00:281
-1.0805817 5.6056213 7.4443665 0:00:341
-0.8666992 5.4954987 8.092407 0:00:401
-1.0039673 5.321518 8.558472 0:00:461
-0.9880066 5.2225494 8.371719 0:00:522
-1.1204834 5.0198517 8.410034 0:00:582
-0.9816284 4.8666077 8.078033 0:00:642
-1.1763458 4.595276 8.362152 0:00:703
-1.0869751 4.461197 8.301498 0:00:762
-1.2832947 4.0669556 8.242447 0:00:823
-1.0534515 3.7764587 9.198517 0:00:883
-1.2944641 3.310379 9.329407 0:00:943
-0.9975891 3.0757446 8.890472 0:01:003
-1.3726807 2.6687317 9.460281 0:01:063
-1.154007 2.561798 9.257584 0:01:124
-1.0566406 2.2409668 9.378891 0:01:184
-1.1380463 1.9472809 9.15863 0:01:244
-1.0917511 1.5673981 9.307068 0:01:305
-1.1364441 0.9975891 9.950302 0:01:365
-1.0071564 0.6623993 9.8242035 0:01:425
-0.94651794 0.48043823 9.599152 0:01:485
-1.064621 0.3224182 9.377289 0:01:545
-1.2114716 -0.24261475 9.474655 0:01:605
-1.3742676 -0.8156128 9.426773 0:01:666
-1.5243073 -1.359909 9.806656 0:01:726
-1.7493591 -1.7333984 9.800262 0:01:786
-1.8499146 -1.9728241 9.126694 0:01:846
-1.880249 -2.26651 8.7356415 0:01:907
-1.8227844 -2.7884521 9.326218 0:01:967
-1.9712219 -3.3151703 9.394852 0:02:027
-2.0047455 -3.5561829 8.74202 0:02:087
-1.9808044 -3.6184387 8.919205 0:02:147
-2.1005096 -3.9568176 8.978256 0:02:207
-2.3463135 -4.1818695 8.598373 0:02:268
-2.0717773 -4.2297516 8.754791 0:02:326
-2.1005096 -4.2728577 8.726074 0:02:388
-2.426117 -4.649536 8.631897 0:02:448
